1.680443721548184612e+03 2.124346920603853439e-02 3.356325794174502830e-02
1.679180963683449136e+03 3.512071409202044414e-02 4.141152065713550601e-02
1.677918493639695953e+03 2.673306827137611474e-02 3.615609584480784788e-02
1.676656311318535927e+03 3.327121212608560863e-02 3.829856686569738100e-02
1.675394539252671393e+03 2.912709094008236743e-02 3.638933456394519150e-02
1.674133054656865397e+03 3.778291735004984941e-02 4.007811467763463392e-02
1.672871857432893648e+03 3.531714493172571911e-02 4.131453248942439788e-02
1.671611070029836128e+03 3.805754588797130578e-02 3.705056100481013415e-02
1.670350569746470683e+03 7.485936408117530028e-02 7.366780552404719740e-02
1.669090478976197119e+03 3.689741742071786512e-02 4.448886378031615546e-02
1.667830675073749035e+03 4.886962128897689994e-02 5.211087493386261371e-02
1.666571157941179536e+03 2.734165050208586800e-02 3.583261416034590197e-02
1.665311927480579016e+03 3.805718146274544855e-02 3.848209550820193281e-02
1.664053228354084695e+03 5.517252639809430703e-02 5.535384060067625317e-02
1.662794693240350171e+03 6.283002444054655578e-02 6.182778709257099464e-02
1.661536566773813547e+03 6.515094591312578509e-02 7.024531825654269090e-02
1.660278726476800330e+03 2.822681589527903379e-02 3.905649436180511080e-02
1.659021294520379570e+03 2.862858191269082586e-02 3.476028548914347760e-02
1.657764148482671317e+03 4.330388054579956125e-02 4.576473490782873715e-02
1.656507288266173646e+03 4.431553863180467956e-02 4.964728728172865951e-02
1.655250835958738435e+03 3.759796110167637484e-02 4.188373356725798302e-02
1.653994669222084667e+03 4.423260127728542712e-02 4.999877750945808802e-02
1.652738787958866169e+03 2.552323406172971043e-02 3.107034309313786574e-02
1.651483314173824056e+03 5.427078106766772270e-02 5.505030758865831625e-02
1.650228247686489112e+03 3.777937189984592603e-02 4.332116172130569265e-02
1.648973344223320510e+03 5.692091103405286234e-02 5.841824928571445752e-02
1.647718969826962166e+03 3.464792226958116061e-02 4.489935658611725333e-02
1.646464758260589633e+03 3.003725166199816554e-02 3.463758859079089231e-02
1.645210953437228682e+03 5.043909583373945571e-02 5.521953675979803661e-02
1.643957433241055242e+03 2.068002748876462960e-02 3.184702571500638152e-02
1.642704319483269273e+03 2.532321533344039644e-02 2.929662216817581141e-02
1.641451490103568858e+03 4.344318734180613317e-02 4.829893971502724481e-02
1.640199066857952857e+03 1.915901175973283577e-02 2.580697281143983987e-02
1.638946805916441690e+03 4.926893506803076139e-02 4.939681112241701283e-02
1.637695072657808396e+03 3.819348792908114354e-02 4.355005462565778029e-02
1.636443501509968655e+03 5.342997649278294348e-02 5.510640693396812867e-02
1.635192457686053331e+03 3.929820844669895674e-02 4.889450576345177185e-02
1.633941575779854702e+03 2.963391354771580111e-02 3.785481063600688173e-02
1.632691099151886647e+03 1.879211042081463390e-02 3.044780961661240279e-02
1.631440905963464502e+03 1.327119365078865965e-02 2.015770362826702425e-02
1.630191117750171088e+03 3.247714109061161647e-02 3.704323649458353407e-02
1.628941612728631299e+03 2.970510211749233243e-02 3.668344072016425927e-02
1.627692512379439677e+03 1.403818628687159009e-02 2.399804334444085099e-02
1.626443694974480195e+03 1.367406520174607731e-02 1.890264648723847044e-02
1.625195160417625630e+03 2.656300663769187165e-02 3.111968003917222822e-02
1.623947030107047112e+03 1.691573422903558388e-02 2.145326761950867508e-02
1.622699182397434015e+03 3.464629100274163598e-02 3.512709849311298343e-02
1.621451738632066508e+03 3.417403458705306485e-02 3.689605840304281681e-02
1.620204577220795500e+03 4.291736346266475377e-02 4.339694419868656700e-02
1.618957698067769343e+03 4.133572143654934417e-02 4.753754259344495497e-02
1.617711222433998728e+03 1.481105207454375128e-02 2.184722158958458602e-02
1.616465028811979437e+03 3.742730544538858117e-02 3.917368060208178959e-02
1.615219238407946477e+03 2.902337278779615337e-02 3.597975380018966773e-02
1.613973729769446663e+03 1.303270808600193176e-02 1.956909199742137145e-02
1.612728624047969561e+03 3.218448860563058456e-02 3.129861968899207147e-02
1.611483799846080728e+03 5.131591144941285987e-02 5.556498724920984345e-02
1.610239257068310053e+03 5.184976622300552229e-04 1.118675120381583746e-02
1.608995116784100901e+03 3.123990046226532424e-02 3.108407769909410714e-02
1.607751257678439970e+03 2.438601432804696212e-02 3.142342067486146584e-02
1.606507800766131368e+03 1.051832322586632174e-02 1.470735672463520556e-02
1.605264624787068442e+03 2.995245710369720538e-02 2.823716977408153098e-02
1.604021729646059839e+03 5.444031021548592642e-02 5.482527416913255541e-02
1.602779236276011716e+03 1.206199977482996788e-02 2.145607129702547383e-02
1.601537144499819306e+03 2.742798711148691782e-02 2.873614579498127292e-02
1.600295212193663929e+03 1.238467891318900671e-02 1.973970739128437166e-02
1.599053802182816753e+03 2.511916304556052748e-02 2.417869262489552584e-02
1.597812551452106391e+03 1.901002325116646352e-02 2.637297086612687760e-02
1.596571822663106559e+03 -4.916245759822301942e-04 -4.926528558756515996e-04
1.595331252964580017e+03 4.240664971461224897e-02 3.737138481171943527e-02
1.594091084017538378e+03 3.429647053738826834e-02 3.311543646414385339e-02
1.592851194835761362e+03 3.676509516731066296e-02 3.497489832534214638e-02
1.591611706107066539e+03 4.480579842523882417e-02 4.131677675965456098e-02
1.590372617655132444e+03 4.891031097696296737e-02 4.976824398799586241e-02
1.589133687847710689e+03 2.488895457728115823e-02 2.839071712368079065e-02
1.587895278774367398e+03 3.092637382587862249e-02 3.107846461767322863e-02
1.586657028156631895e+03 3.283700961808971863e-02 3.422960874824386435e-02
1.585419177274529602e+03 1.492435513491130461e-02 1.766339836088449619e-02
1.584181725952156967e+03 3.266640449473984242e-02 2.651846374369426843e-02
1.582944553421676346e+03 5.901739713084799832e-02 5.550658131191452821e-02
1.581707659588881143e+03 3.384317662382010927e-02 3.556383138327112725e-02
1.580471164897337985e+03 4.184364494925871258e-02 4.111259371104567656e-02
1.579234948660905047e+03 2.925486751050432321e-02 3.350630195768552338e-02
1.577999131268988776e+03 1.497901037745175135e-02 1.629595021152584200e-02
1.576763592089879012e+03 3.492039287841247619e-02 3.323390803760612605e-02
1.575528451458858171e+03 1.415472895316888247e-02 1.619839595103652469e-02
1.574293588798606606e+03 3.163739317493741154e-02 2.413179332910807620e-02
1.573059124390327042e+03 5.587061960803457739e-02 5.090859807821068728e-02
1.571824937711041457e+03 4.414125035028917954e-02 4.245222041883722069e-02
1.570591028667036198e+03 3.724517011506184305e-02 3.957151955670386995e-02
1.569357517458456641e+03 9.153515503713072210e-03 1.132960927018645397e-02
1.568124283643753188e+03 2.408973566490671403e-02 1.931391003874300544e-02
1.566891447369090884e+03 3.650675710070591662e-02 2.914077599215576797e-02
1.565659008459863571e+03 5.950627446106318552e-02 5.006670430358845653e-02
1.564426726370202005e+03 6.214640202017981951e-02 5.816093878166504055e-02
1.563194961563772949e+03 4.514895370827060050e-02 4.485487245152017244e-02
1.561963353390192879e+03 3.597663994980065949e-02 3.597300137905007356e-02
1.560732142046532090e+03 3.397659290008930855e-02 3.242471006609910777e-02
1.559501327358600292e+03 3.667789763694351279e-02 3.580819497500866561e-02
1.558270789101569335e+03 2.023453696017041281e-02 1.973430486793238334e-02
1.557040647206108133e+03 3.470174592865182817e-02 2.849305979725529417e-02
1.555810781501462088e+03 4.411908691992699749e-02 3.887741020633146694e-02
1.554581191894625817e+03 4.369360664273222450e-02 3.981355868837479356e-02
1.553351998235614928e+03 3.005528105782415138e-02 2.727965888062963695e-02
1.552123080434692611e+03 4.579958055319682808e-02 3.772090671126924338e-02
1.550894558288167218e+03 4.777546147734365589e-02 4.406402122795215204e-02
1.549666431622537857e+03 3.853633513362345053e-02 3.329248893626674671e-02
1.548438460593649324e+03 4.517151160822097111e-02 4.026472322717763314e-02
1.547211004614967806e+03 4.006966610950468688e-02 3.321583822472477798e-02
1.545983823869362823e+03 6.309515452732369911e-02 5.472120696358070968e-02
1.544756918264273736e+03 4.922472499461330586e-02 4.730166123260525629e-02
1.543530407435123834e+03 3.455476936145521205e-02 3.081452275410149697e-02
1.542304171507813635e+03 4.538457769014545007e-02 3.958386008025170655e-02
1.541078210389936430e+03 3.864596247032808796e-02 3.295271876805231509e-02
1.539852763284071443e+03 5.612498936127846560e-02 4.728649867184648442e-02
1.538627471075048106e+03 4.431386592712846517e-02 4.043099541006759529e-02
1.537402572938774711e+03 4.459164528339273903e-02 3.474803106245577533e-02
1.536178068702687142e+03 6.676736048949824531e-02 5.653136844908870223e-02
1.534953838653982530e+03 6.903489330770085086e-02 5.902982571951508051e-02
1.533730002214151682e+03 8.231305975348851556e-02 7.495041267636132210e-02
1.532506439724076927e+03 6.750705172375179308e-02 6.473568097959916945e-02
1.531283151091787659e+03 6.325189206408055043e-02 6.371282421553645103e-02
1.530060255658695269e+03 2.048305815512629913e-02 2.604967693721542757e-02
1.528837753252746097e+03 2.399403896232613076e-02 1.772293565557575556e-02
1.527615524322067131e+03 6.141710876200606739e-02 5.441351011513011898e-02
1.526393568774902178e+03 4.008209212129112964e-02 3.679929435179753877e-02
1.525172005846064394e+03 6.137063571834458497e-02 5.397526881020056622e-02
1.523950835363842316e+03 5.039267777313524710e-02 5.024085336359630088e-02
1.522729937883441153e+03 3.256640394449761278e-02 3.067056755279292529e-02
1.521509313313321400e+03 4.775181094829680783e-02 4.246492430996653966e-02
1.520289080781860093e+03 4.590812288302767441e-02 4.720280310697028137e-02
1.519069240117684103e+03 -2.311949996045559175e-04 -2.119778335972190503e-04
1.517849671982909285e+03 5.419213339581790967e-02 4.296042604645509272e-02
1.516630376286220326e+03 3.329136338175464616e-02 3.505968750790921379e-02
1.515411472049713439e+03 1.945052585297857295e-02 1.427526800792781186e-02
1.514192959102356326e+03 2.279941336272156560e-02 1.888387751734761644e-02
1.512974718213017468e+03 3.002189278574529663e-02 1.992818051890415249e-02
1.511756749290593916e+03 3.255258669767019386e-02 2.622915397066189619e-02
1.510539171251073640e+03 3.708060000892651753e-02 2.373377295464498132e-02
1.509321983923761991e+03 5.545989092875278081e-02 4.687445351978411501e-02
1.508105068184109541e+03 3.668205404200688968e-02 2.648759632928916752e-02
1.506888423941231622e+03 5.214702987065217288e-02 4.281544668922605823e-02
1.505672170005163935e+03 4.335291249533054780e-02 3.271868479930056806e-02
1.504456306205552664e+03 4.491323338460562198e-02 3.801956971038949334e-02
1.503240713524270859e+03 3.104113498399832527e-02 1.666394779072976826e-02
1.502025391870644626e+03 8.583093401008520806e-02 7.214320101353585701e-02
1.500810459948928383e+03 2.603511120426835190e-02 2.284093013824432111e-02
1.499595917589099599e+03 3.894287041294414164e-02 2.497659703874717183e-02
1.498381645879292364e+03 5.147448591631614834e-02 3.851674808241902642e-02
1.497167763444536149e+03 4.805713793118010502e-02 3.505902164143637895e-02
1.495954151426032240e+03 5.694052076193564793e-02 4.011880656089508723e-02
1.494740809733431888e+03 7.159164130126466352e-02 5.819776592970021811e-02
1.493527856912611242e+03 4.691197155310797284e-02 3.319289660491669958e-02
1.492315292794046854e+03 7.917280336264331808e-02 6.238037978414732315e-02
1.491102998624957763e+03 5.387437497784042240e-02 4.251754197131812907e-02
1.489891092872181389e+03 7.069624282627226530e-02 5.335213264507610020e-02
1.488679456835872315e+03 7.067400610398122396e-02 5.805439964669564801e-02
1.487468208930219134e+03 5.934318254112663782e-02 4.728723146298050711e-02
1.486257230508280827e+03 4.778554904935716774e-02 3.424914218729956800e-02
1.485046639931643085e+03 6.234767497262894143e-02 4.518569882001743226e-02
1.483836318606219720e+03 5.343874550774205257e-02 3.660417637518253303e-02
1.482626384841029676e+03 7.546440285563082995e-02 5.273869937278737735e-02
1.481416720094811126e+03 8.064050438951878008e-02 6.049701978323820950e-02
1.480207442624047644e+03 9.072889036582237887e-02 6.828036073959992125e-02
1.478998552260158249e+03 8.896705388632838996e-02 6.969884032248338523e-02
1.477789930541056265e+03 9.593132724373565345e-02 7.350893439738337420e-02
1.476581577377208305e+03 9.457741769783112318e-02 7.673851003416450045e-02
1.475373610920153396e+03 8.249918962872204720e-02 6.004292008831153826e-02
1.474166031001644569e+03 1.130183835344932830e-01 8.738901813496212367e-02
1.472958719264999445e+03 1.184975575213340349e-01 9.433515520655462450e-02
1.471751675620888136e+03 1.280889550382471875e-01 1.050756533951811705e-01
1.470545136252137354e+03 1.257024368193276342e-01 1.043874781336605745e-01
1.469338746582656540e+03 1.255107544580754686e-01 1.050884790170412419e-01
1.468132860852802196e+03 1.302060301727959168e-01 1.070606268552941887e-01
1.466927124643940488e+03 1.559343316261119494e-01 1.352134668434786524e-01
1.465721892039300656e+03 1.270891970817723260e-01 1.122385720784673802e-01
1.464516808777594633e+03 1.447169811201425293e-01 1.257123524178150042e-01
1.463312228785031721e+03 1.228649995353505303e-01 1.131917907258537942e-01
1.462107915910272368e+03 1.118705086721870079e-01 9.236191149528089062e-02
1.460903870064470539e+03 1.594232504308631393e-01 1.414798807299130490e-01
1.459700209059256849e+03 1.152970762848042063e-01 1.042078689084140336e-01
1.458496932727471403e+03 1.370864779793476151e-01 1.175999966407869218e-01
1.457293923053874323e+03 1.457277312891587240e-01 1.310474811119036465e-01
1.456091297771906056e+03 1.390936588708473753e-01 1.246200230841022633e-01
1.454888938918696340e+03 1.384416250188312270e-01 1.245007764784497872e-01
1.453686964175602270e+03 1.490878752288162246e-01 1.336331429801811133e-01
1.452485255632090002e+03 1.431810386151555203e-01 1.322190963712468748e-01
1.451283930917464431e+03 1.413835601451023105e-01 1.262788472563090292e-01
1.450082872173489250e+03 1.602632192010693402e-01 1.479300200697416245e-01
1.448882196977468993e+03 1.365295100301840425e-01 1.248563567481199565e-01
1.447681905162997737e+03 1.666133946237940977e-01 1.487316910897003019e-01
1.446481878950216242e+03 1.903689601963723388e-01 1.750982564496465499e-01
1.445282118250981512e+03 2.002571010875289770e-01 1.910775038420760297e-01
1.444082858100218573e+03 1.853656924445550580e-01 1.812677514035147264e-01
1.442883745647290652e+03 1.978686068138033882e-01 1.971794964725015198e-01
1.441685133410780509e+03 1.668250824209194794e-01 1.765675612083436041e-01
1.440486786179737919e+03 1.512201260829244553e-01 1.622092784865199200e-01
1.439288703866282049e+03 1.219902994130681317e-01 1.398140395005583736e-01
1.438091003814199212e+03 9.888945609753926891e-02 1.156695579165807203e-01
1.436893685857838591e+03 7.497568061046178123e-02 9.393456590755228097e-02
1.435696632451908272e+03 6.554541243669739781e-02 7.920956198667961079e-02
1.434499843508739559e+03 6.452169621135125932e-02 7.940044855736903828e-02
1.433303553596465463e+03 5.256003363959899088e-02 6.548359598162754869e-02
1.432107410566112094e+03 4.588564581487417082e-02 6.008566907908091670e-02
1.430911766236097492e+03 2.474908819126928061e-02 3.639339905824010013e-02
1.429716385863222513e+03 2.529343774422335156e-02 3.100977658466268216e-02
1.428521269360083124e+03 5.546559829559896682e-02 5.520063559885447779e-02
1.427326533837759143e+03 5.423361062783216280e-02 6.163197675670236547e-02
1.426132179131343491e+03 2.476406769925462714e-02 2.668543429184447660e-02
1.424938087929300309e+03 6.696966184722433213e-02 6.296374647086652732e-02
1.423744377265321191e+03 6.717589574442173195e-02 6.781404388473570577e-02
1.422551046974765768e+03 6.365056248754455415e-02 6.356939679751116845e-02
1.421357979823835649e+03 7.713465347863984745e-02 7.529432212069660235e-02
1.420165175725503786e+03 8.875631915876491806e-02 9.196654277995450211e-02
1.418972751610417163e+03 6.131108082487826683e-02 7.048662458267233866e-02
1.417780707314250094e+03 4.198204409409833637e-02 5.052967289344106189e-02
1.416588925706712644e+03 3.934810751135120466e-02 4.619635992070267316e-02
1.415397523641273665e+03 2.382855085995302935e-02 3.254318427217329363e-02
1.414206500953869863e+03 1.771353730622707290e-02 1.984278387138180624e-02
1.413015740591742542e+03 4.092832984022273801e-02 4.345977743910833108e-02
1.411825242468231409e+03 1.370718276311738704e-02 1.951925581889742828e-02
1.410635123334036507e+03 4.459109604446453989e-03 4.997849679322237740e-03
1.409445383025419233e+03 2.822798016951894029e-02 2.136975319008379073e-02
1.408256021378723517e+03 5.004563415166429774e-02 4.966850627230383342e-02
1.407066921470208854e+03 -9.459404901552559419e-04 -8.874483512308058240e-04
1.405878083213481887e+03 4.457682396560438964e-02 3.470027301096938882e-02
1.404689623231015503e+03 3.247449562203030826e-02 3.255415069217757612e-02
1.403501541359479461e+03 1.895747790109220121e-02 1.128386434782062235e-02
1.402313720778149445e+03 4.827512177214141054e-02 4.026940483881139010e-02
1.401126278032678783e+03 3.983674878476642367e-02 3.381014705620738470e-02
1.399939212959999168e+03 4.118579626760648926e-02 3.525901399595560148e-02
1.398752408816551451e+03 3.642054211880149661e-02 2.976771869382538807e-02
1.397565982071274902e+03 4.366891041982456922e-02 3.706366877818224881e-02
1.396379816032001600e+03 3.039592857364450951e-02 2.503507284092258006e-02
1.395194027116555390e+03 3.266434265513942781e-02 2.356118922143226810e-02
1.394008498684122287e+03 4.470255222074226431e-02 3.444032328391288117e-02
1.392823463554036834e+03 5.497370084065400508e-02 4.642985305162982551e-02
1.391638572206059962e+03 3.750522275473164302e-02 3.387874977473859239e-02
1.390454173835528081e+03 2.000802961410877434e-02 1.294908401216219272e-02
1.389270035451653030e+03 3.246954094274792646e-02 2.294905857740381014e-02
1.388086156968839077e+03 2.310947273694416437e-02 1.435161857012832998e-02
1.386902654626359435e+03 2.906016785508638844e-02 1.496106901280539261e-02
1.385719528262125550e+03 4.969426372607110842e-02 3.687214352120028737e-02
1.384536661440346506e+03 3.222564147047374261e-02 2.098507140246542307e-02
1.383354170323926155e+03 4.743648716992296399e-02 3.365924380781681879e-02
1.382172054751032420e+03 2.692005501137201273e-02 1.672267778150330134e-02
1.380990198362596175e+03 4.282371933513756668e-02 2.402965350224425464e-02
1.379808717245246044e+03 5.624408428175037278e-02 4.495681325292447128e-02
1.378627495091002856e+03 2.212626443315751645e-02 7.973956644001481409e-03
1.377446647935678357e+03 4.920591490733297602e-02 3.188175897930348168e-02
1.376266175617849740e+03 3.499584653347323493e-02 1.850434296567468259e-02
1.375085961906117973e+03 5.405966441127318944e-02 3.224648010936051468e-02
1.373906122760159406e+03 7.496063877396197395e-02 5.479727794302578781e-02
1.372726541999567189e+03 6.642516095861605852e-02 5.250832538678657652e-02
1.371547335533307205e+03 4.226633081394529090e-02 2.469669401219778265e-02
1.370368503200367059e+03 7.834025709817774019e-02 5.819069256944827545e-02
1.369189928896758374e+03 5.137665869123650420e-02 3.795396156994101933e-02
1.368011728455466709e+03 5.775000457674023258e-02 3.487613859360835095e-02
1.366833901715730690e+03 9.530619058858150194e-02 7.647492183202239668e-02
1.365656332649900833e+03 5.934490964556038417e-02 4.735542779957423176e-02
1.364479137015066499e+03 5.790094552671085082e-02 4.007606826305663145e-02
1.363302198834409182e+03 6.478668693889391705e-02 5.056279607608207133e-02
1.362125633814464436e+03 3.659876839215175925e-02 2.080844492855439196e-02
1.360949441794874247e+03 5.531613723092679291e-02 3.461902788458912777e-02
1.359773506875009843e+03 5.364125781028711293e-02 3.408653803889419992e-02
1.358597944685657012e+03 6.155138752318786710e-02 3.882413126644203294e-02
1.357422755066711943e+03 7.073345786940768432e-02 4.970208661888360357e-02
1.356247822193641468e+03 5.826947641952168189e-02 3.839308509980841194e-02
1.355073261621571646e+03 5.534255017211689442e-02 3.173870029118686098e-02
1.353898957576645216e+03 7.051480404729545959e-02 4.422273150729789937e-02
1.352725141152348442e+03 8.177767552373280124e-02 5.554102967685323189e-02
1.351551465422703814e+03 7.958137327289221963e-02 5.493510575361220533e-02
1.350378276994382531e+03 8.206361549481611117e-02 5.401215485985499942e-02
1.349205344606022663e+03 9.389908947141445417e-02 6.782854801434154424e-02
1.348032668173813136e+03 8.013839934114297403e-02 5.000109012985429202e-02
1.346860478539360656e+03 1.266907816219174920e-01 9.400412010087945414e-02
1.345688544592803055e+03 1.070533235364959646e-01 7.980776765970475084e-02
1.344516866250491830e+03 1.367793190644742973e-01 1.029360290916105647e-01
1.343345558815977483e+03 1.368153538239334222e-01 1.118797868387670646e-01
1.342174622130209627e+03 1.271302688766285383e-01 9.630201776110715317e-02
1.341004056034235191e+03 1.543431061292357409e-01 1.239511994166244413e-01
1.339833745057457008e+03 1.686822392095426171e-01 1.354570025294138669e-01
1.338663804403088761e+03 2.073579823261016974e-01 1.789050665175749288e-01
1.337494118650928840e+03 2.012278621171352810e-01 1.769236342436729947e-01
1.336324802954065945e+03 2.365878023947639019e-01 2.158426326167628417e-01
1.335155857153944453e+03 2.360137277855355875e-01 2.284840223300678985e-01
1.333987165905901065e+03 2.025476887788333069e-01 2.102175925897603048e-01
1.332818844287920001e+03 1.209757760009602112e-01 1.365163716982357445e-01
1.331650892141694385e+03 7.181163123659248249e-02 8.638026704255993837e-02
1.330483194198004867e+03 2.192242095438606819e-02 2.813968453096016634e-02
1.329315865459825545e+03 5.206659393439586059e-02 4.893443870508644433e-02
1.328148905769095109e+03 2.922789737029568569e-02 2.737647912779020767e-02
1.326982199931949935e+03 5.027977160116761657e-02 3.816777782492212362e-02
1.325815862876439724e+03 5.388567437778157831e-02 4.596812633751493071e-02
1.324649894444748043e+03 5.563298779481035128e-02 3.959677591415537018e-02
1.323484179518285373e+03 8.774191606850462177e-02 7.623934894443026855e-02
1.322318832950256819e+03 4.673228948304214425e-02 3.663151714953764154e-02
1.321153739672197389e+03 7.096901122408599827e-02 5.395767772077647573e-02
1.319989129373387186e+03 7.403228500578737381e-02 6.199337080709883124e-02
1.318824772099595293e+03 4.844228440372080891e-02 3.468151176576050182e-02
1.317660667768368285e+03 6.545831943384972096e-02 4.494180322165979014e-02
1.316496931108373474e+03 8.120109159413393951e-02 6.248229088431970363e-02
1.315333561962433805e+03 6.907173138814445834e-02 4.867649955787504978e-02
1.314170560173467948e+03 9.725789469398377074e-02 7.217287002009727115e-02
1.313007810848163899e+03 1.066534523932971268e-01 8.636420871623655404e-02
1.311845428615741639e+03 9.534502273474532164e-02 7.298789446982011098e-02
1.310683413319362671e+03 1.227685570050278813e-01 1.001446772011030800e-01
1.309521650140628935e+03 9.802989519652111072e-02 7.924808274841545208e-02
1.308360253634273477e+03 1.155408515381415174e-01 8.851611295221395448e-02
1.307199109031786747e+03 1.368659024746135544e-01 1.130391602860935929e-01
1.306038445425341934e+03 1.406906321718992547e-01 1.158505378722182177e-01
1.304878033459530116e+03 1.443601181162073588e-01 1.218415390028765172e-01
1.303717873052522464e+03 1.571443699572548369e-01 1.279943665876901171e-01
1.302558078635088577e+03 2.023425434465503936e-01 1.754522236512064404e-01
1.301398650051027289e+03 2.177907292668055383e-01 1.918383529609914429e-01
1.300239587144226789e+03 2.665986351941521115e-01 2.477165995756682726e-01
1.299080775320512885e+03 2.671791236147881277e-01 2.583969380324630527e-01
1.297922328911676004e+03 2.924452591260848777e-01 3.017114885518352163e-01
1.296764247761845127e+03 1.781462680752645134e-01 2.118712813638437553e-01
1.295606417351408481e+03 1.021967284178700308e-01 1.365654070688213373e-01
1.294448951938019491e+03 1.579497953141845157e-02 4.852618162361541088e-02
1.293291851366051333e+03 6.442240588652392574e-03 2.487083097298991435e-02
1.292135115479959950e+03 4.394971016780657713e-04 1.308277362460072944e-02
1.290978629859432431e+03 3.068200108176119545e-02 3.698052539338077954e-02
1.289822508663408598e+03 6.327367312944809363e-03 1.759680202440521909e-02
1.288666637521138682e+03 1.227332372671013916e-02 1.327992165748923328e-02
1.287511130542264254e+03 2.552339718497337318e-02 3.100398807536344434e-02
1.286355987571636433e+03 -6.542710004543983437e-04 2.210777751416247508e-03
1.285201208454194102e+03 5.989863143583962213e-03 5.777190969449541233e-03
1.284046678918246698e+03 3.572015196196876019e-03 -4.965308730725110069e-04
1.282892512974960027e+03 2.422918686773670172e-02 1.649077699390127244e-02
1.281738596402093663e+03 3.639244785465489684e-02 3.029244801323308783e-02
1.280585157204391408e+03 2.777329696041141993e-02 2.222167540282504045e-02
1.279431967117002614e+03 4.073697430228498395e-02 3.372346789745300777e-02
1.278279026059234411e+03 2.889577007640933837e-02 2.490733494644780180e-02
1.277126561888266679e+03 3.370684877422919223e-02 2.632338475281437162e-02
1.275974346487227422e+03 2.515659065471204103e-02 2.026312935032403492e-02
1.274822493695310413e+03 3.639136368996140347e-02 2.519454830589680852e-02
1.273670889463112189e+03 4.637036566129465465e-02 4.145258521644022698e-02
1.272519647580762694e+03 2.651439574922626052e-02 1.830062383062813769e-02
1.271368767894163739e+03 4.436291987635032630e-02 3.854393351923481037e-02
1.270218250249300581e+03 1.380150134386368133e-02 5.978912689688176650e-03
1.269067980695325332e+03 5.289700603944422208e-02 4.081771322461651835e-02
1.267918072924390799e+03 4.201604547226661657e-02 3.677381573513647389e-02
1.266768526782726440e+03 3.103692788003878378e-02 2.515224724962388664e-02
1.265619228393284629e+03 1.865693030711101930e-02 1.153908661152761375e-02
1.264470405073691836e+03 3.369949347454612165e-02 2.278588592530976162e-02
1.263321829248203130e+03 3.511127848358422399e-02 2.706352808823423578e-02
1.262173500836852099e+03 2.665657239571214698e-02 1.827508216500640242e-02
1.261025533385105518e+03 2.245877434590723420e-02 1.238750315296253610e-02
1.259877926739661007e+03 3.519838657907273238e-02 2.212167671299790014e-02
1.258730680747308270e+03 4.511005006403223661e-02 3.451836984757648830e-02
1.257583681702886452e+03 2.956999391214643058e-02 2.159496946726714023e-02
1.256437156581873751e+03 1.967711724373460980e-02 8.491376063976570701e-03
1.255290764648480035e+03 3.038557130763486214e-02 1.636700097061974737e-02
1.254144846332633279e+03 3.800997580758899708e-02 2.200506235155305634e-02
1.252999174499575247e+03 6.331310684655541698e-02 4.662188298779380152e-02
1.251853862499743855e+03 6.435161173819026192e-02 5.496907072706076758e-02
1.250708910180485418e+03 2.732786925289518165e-02 2.011162575199570285e-02
1.249564317389239704e+03 3.366957142577547968e-02 1.869199049436970697e-02
1.248419970616705314e+03 5.423171782351277059e-02 4.112723992327171896e-02
1.247275983116036514e+03 4.422310876622950748e-02 3.139944014314580145e-02
1.246132241426787914e+03 5.431534631760037701e-02 4.189470767719898070e-02
1.244988972037290750e+03 4.685014934896375438e-02 3.426233025073755628e-02
1.243845948203480930e+03 5.878228260685067208e-02 4.780463045639873204e-02
1.242703169846252877e+03 3.461665710303926669e-02 2.397007004937354649e-02
1.241560863308166745e+03 5.974838240836327641e-02 4.563716822461182099e-02
1.240418801991339251e+03 4.858409499826168987e-02 3.865749289179559733e-02
1.239277098979039465e+03 5.928048434185498317e-02 4.814002540510211453e-02
1.238135754119493868e+03 3.584800154917472392e-02 2.912474726768692415e-02
1.236994654147348683e+03 4.526014464707714402e-02 3.379141331202920040e-02
1.235854025162608423e+03 2.550712235467242350e-02 1.872707313415010455e-02
1.234713527745515421e+03 3.739320514890953628e-02 2.150826058595665946e-02
1.233573501012833958e+03 4.341343066770206316e-02 3.531571589681236495e-02
1.232433831723797766e+03 1.712714526585398800e-02 1.632571119827367192e-03
1.231294406734675931e+03 6.481204502122570044e-02 4.618543729212402915e-02
1.230155338935161808e+03 6.908708142919695039e-02 5.637415832405241051e-02
1.229016515230094910e+03 5.058000416324495707e-02 4.392475259887377442e-02
1.227878048460850323e+03 2.741425292178548134e-02 1.737041448253920373e-02
1.226740051372084963e+03 3.096724980115486692e-02 2.030250628476438710e-02
1.225602185125965434e+03 2.580261363258504193e-02 8.098156443787198414e-03
1.224464788258617773e+03 7.406530086713078442e-02 5.722223468445772343e-02
1.223327634900523890e+03 3.312263662030892619e-02 2.338432647029627803e-02
1.222190837772486020e+03 5.314049505019771691e-02 3.415500817799489025e-02
1.221054396723924128e+03 5.995489144284610328e-02 4.805910092574697950e-02
1.219918311604346400e+03 4.718314270085333106e-02 3.164728027328682358e-02
1.218782469536731924e+03 6.550825099553625463e-02 5.260928273384419401e-02
1.217646983145594959e+03 4.224713407633190476e-02 2.974472756394751574e-02
1.216511852280665835e+03 6.310828401652790465e-02 4.968829522687797512e-02
1.215376964137466757e+03 2.443005682452545346e-02 1.664600669344657238e-02
1.214242543898600616e+03 2.495594157923561318e-02 3.588051065457334519e-03
1.213108366129511296e+03 8.070420299205788295e-02 5.653687163500400320e-02
1.211974543334562441e+03 9.330556425709862767e-02 7.778060917759947734e-02
1.210840962805855270e+03 6.328791109814199678e-02 5.314948909294965607e-02
1.209707849533733224e+03 5.875973399965267463e-02 4.499828202759648815e-02
1.208574978276461252e+03 5.772861552987387790e-02 4.447030912179034123e-02
1.207442348956512205e+03 7.162305983988728753e-02 5.556401013264841010e-02
1.206310186420221271e+03 6.282555993815114315e-02 5.523017137516893216e-02
1.205178265570264784e+03 3.049640841661840907e-02 1.571427429857756575e-02
1.204046698743172101e+03 7.466501697461211395e-02 5.564593988888288933e-02
1.202915485789630793e+03 6.891191551963293804e-02 5.435265639177121189e-02
1.201784626560409379e+03 8.333898154841246075e-02 6.871566227812654637e-02
1.200654008564380320e+03 5.969568047290704782e-02 5.295795910680006768e-02
1.199523856360419813e+03 3.752857137904447304e-02 2.319712468086186294e-02
1.198393945139515154e+03 7.770615430871763429e-02 6.003614383064134058e-02
1.197264274824605764e+03 6.386939572936725651e-02 5.498332315663544134e-02
1.196135069831069359e+03 4.231824673985484786e-02 2.844287948270651789e-02
1.195006105493790983e+03 5.846953238572077938e-02 4.226696533496868136e-02
1.193877493934226322e+03 6.164819770675256105e-02 4.288307807501987728e-02
1.192749235003776676e+03 8.752002517346299526e-02 7.069689328323904010e-02
1.191621216403333619e+03 6.066902983410871197e-02 4.823819133438258383e-02
1.190493662309530919e+03 7.289417598726319336e-02 5.416321971287785947e-02
1.189366348296704246e+03 8.221324160169515838e-02 6.738879950238686745e-02
1.188239386367159796e+03 7.915830582526647841e-02 6.442250454657084957e-02
1.187112664317573717e+03 7.205917440630485449e-02 6.040557180251002189e-02
1.185986406133906030e+03 6.584329271477967760e-02 4.987940724898476397e-02
1.184860387581714804e+03 8.327158651767133102e-02 6.840880143709668348e-02
1.183734720568143757e+03 7.369242922406599172e-02 5.997104605981874725e-02
1.182609404945297229e+03 7.342463331400905791e-02 6.083857769608690819e-02
1.181484328629381935e+03 6.184490945581522237e-02 4.479101644785454112e-02
1.180359603456259947e+03 1.041254108277932244e-01 8.609464361333867000e-02
1.179235341166667240e+03 7.305056240181281857e-02 6.568620876648995077e-02
1.178111205947813460e+03 5.970668579485283178e-02 4.249753022942763525e-02
1.176987533317412272e+03 9.661517255660856396e-02 7.847022112415280581e-02
1.175864211239649421e+03 9.013001166856648982e-02 7.863078761549514850e-02
1.174741127773850849e+03 7.565827744658873422e-02 6.239808197867695999e-02
1.173618394613602959e+03 8.740927130721365401e-02 7.469528818262244352e-02
1.172496011611716767e+03 6.813053914138814116e-02 5.568267621648508720e-02
1.171373866898938786e+03 8.900091673867202569e-02 7.308278629357946310e-02
1.170252183796270856e+03 7.992762157291849467e-02 6.749875427973686670e-02
1.169130738736165995e+03 9.690221467975568270e-02 8.314236341172401290e-02
1.168009643293898080e+03 6.360349611234256129e-02 5.702019254822518479e-02
1.166888897322678986e+03 7.406249184964022736e-02 5.571608364649643930e-02
1.165768389072110267e+03 8.349557822806563667e-02 7.361437684728884545e-02
1.164648341626605315e+03 6.564685840719011733e-02 4.802341837690013437e-02
1.163528531655895222e+03 9.796926682326653757e-02 8.289396706573085027e-02
1.162409070617181442e+03 8.044136285626407590e-02 6.583145217161580354e-02
1.161289958364066706e+03 9.488922090617446514e-02 8.125470146590027531e-02
1.160171083264775007e+03 8.161773928579607595e-02 6.866316314302872703e-02
1.159052556705764118e+03 8.351580060803678873e-02 7.097530332743931525e-02
1.157934489979086266e+03 7.778846951729512238e-02 6.064488995785304037e-02
1.156816660038591181e+03 1.145784042782692913e-01 9.844135288013365626e-02
1.155699066809066153e+03 9.401070010849535419e-02 8.861537834149423032e-02
1.154581932950242162e+03 5.044880749461524982e-02 4.201048331262620394e-02
1.153465035557759620e+03 7.234126097250467846e-02 5.176980452670616045e-02
1.152348485876867471e+03 9.558499162342670719e-02 8.203395973065370772e-02
1.151232283761866256e+03 7.027305541174402870e-02 5.320853237118416262e-02
1.150116429067130412e+03 1.031943198071466894e-01 8.570402430068624344e-02
1.149000921647123050e+03 8.296230416329866686e-02 6.871205280430969786e-02
1.147885650130218210e+03 9.207581665467992615e-02 7.575125317145606219e-02
1.146770836846903421e+03 8.187922420756837960e-02 6.450478787562817506e-02
1.145656259223042980e+03 1.034821247440823044e-01 8.520454978786598521e-02
1.144541917183919850e+03 8.296723625023036397e-02 6.627975050970778825e-02
1.143428032919179259e+03 1.089412106525397550e-01 8.733262638194475014e-02
1.142314495104607659e+03 9.296568033918284346e-02 7.823153840943244952e-02
1.141201192509993689e+03 9.398264630061345382e-02 6.982329150213802127e-02
1.140088236122579019e+03 1.095262188348881671e-01 8.772593595307970338e-02
1.138975625797516159e+03 1.107813660871585504e-01 8.236455666977224310e-02
1.137863361390040609e+03 1.470512306354312959e-01 1.195104888912186247e-01
1.136751331764032102e+03 1.470932627093853307e-01 1.189144820673469077e-01
1.135639758781195269e+03 1.945892214652358287e-01 1.649833118158676448e-01
1.134528420337537000e+03 2.074684997889602867e-01 1.873549103401812299e-01
1.133417427280033280e+03 2.354638710071818852e-01 2.164019382898537402e-01
1.132306779464309557e+03 2.605588807668057783e-01 2.613381734690812808e-01
1.131196476746069493e+03 2.034063037424277687e-01 2.152619104081738011e-01
1.130086408130046038e+03 1.995932467816138589e-01 2.129597666936784706e-01
1.128976684369891700e+03 1.703067326677988047e-01 1.944919133886557072e-01
1.127867416125861382e+03 1.347222025935889411e-01 1.593218190574915705e-01
1.126758381621952594e+03 1.087492805332769541e-01 1.367571015050647598e-01
1.125649580784294130e+03 7.141415205804599320e-02 9.568880078532325528e-02
1.124541235007674459e+03 6.262309005479940738e-02 8.564282961209879197e-02
1.123433233367364892e+03 2.239559647672920151e-02 3.976828970164877908e-02
1.122325465032008424e+03 5.006913756329609000e-02 5.889248181338765237e-02
1.121218040592310444e+03 2.400881821049138942e-02 4.028607702223570980e-02
1.120110959904744277e+03 9.977259915903924359e-03 1.022859517606852613e-02
1.119004222825861234e+03 4.711738035801346647e-02 4.692240944339269582e-02
1.117897829212293118e+03 5.624144153873689156e-02 5.723743749600562064e-02
1.116791668349479323e+03 4.414421414275263023e-02 5.522381975307642799e-02
1.115685850712003003e+03 -1.430155745126504563e-03 -1.336882825018624772e-03
1.114580486681496268e+03 3.816863905913844834e-02 3.397480653537505307e-02
1.113475355042096908e+03 2.372562502559011355e-02 2.166369092611935068e-02
1.112370455720521250e+03 3.587563420141914872e-02 3.069827647637221602e-02
1.111266009553729418e+03 2.651273712374099811e-02 2.328442211738866383e-02
1.110161905897345605e+03 2.499372461579768556e-02 1.804709747675417586e-02
1.109058034199936401e+03 2.517604837833836706e-02 1.663801498563122899e-02
1.107954504773916142e+03 3.109807931190192165e-02 1.989112668652232019e-02
1.106851317476680151e+03 4.275667816308420521e-02 3.116561609112123918e-02
1.105748472165703333e+03 4.548580814526320681e-02 3.785042585408314453e-02
1.104645968698539036e+03 2.642850949570607622e-02 1.808269189101873592e-02
1.103543806932829057e+03 2.433998106164492192e-02 1.143952756232513926e-02
1.102441876456590080e+03 3.562341545438002521e-02 2.030445720541645960e-02
1.101340397690159989e+03 3.367311740838543899e-02 2.023296742491926051e-02
1.100239149975127702e+03 3.479890994576817498e-02 1.476390050652657757e-02
1.099138243439131202e+03 6.073624170028235625e-02 4.497413426557084204e-02
1.098037677940187905e+03 3.954597098626758123e-02 2.384549269067761171e-02
1.096937343182263476e+03 5.559493220293973414e-02 3.739567258426053364e-02
1.095837459354875364e+03 5.074799941549412718e-02 3.478850008539132593e-02
1.094737916139062690e+03 5.014526459394935687e-02 3.190789375479434475e-02
1.093638603308266738e+03 5.466742915150626936e-02 3.395006188934426156e-02
1.092539630851917991e+03 7.183935455171019946e-02 5.238463697557457777e-02
1.091440998628491570e+03 6.906628274232490261e-02 5.170606623251140788e-02
1.090342706496537630e+03 6.881087941736507840e-02 5.213669161515206707e-02
1.089244754314689771e+03 6.479874325713852468e-02 4.545330206121555444e-02
1.088147031971975593e+03 8.146156354166939062e-02 6.349783873386785626e-02
1.087049759289572648e+03 7.568619014344982188e-02 5.813634710244879045e-02
1.085952716209980053e+03 8.870283416110544272e-02 7.438244295630765113e-02
1.084856122462484564e+03 5.981296181750625496e-02 4.457822387507791306e-02
1.083759758081757582e+03 8.709259347301934184e-02 6.781057511715229968e-02
1.082663732850557381e+03 7.136399461212725170e-02 5.897529157955930940e-02
1.081567936796303684e+03 7.201153865388637554e-02 4.974433087033822143e-02
1.080472589464695147e+03 9.922380695585994448e-02 8.382548449222622378e-02
1.079377580860347052e+03 7.435570163648214104e-02 5.846182771065883826e-02
1.078282801079764340e+03 9.075030728982161343e-02 7.126978925844575097e-02
1.077188359791198309e+03 9.723889185646605871e-02 8.236917931111825686e-02
1.076094366571234787e+03 8.463628045687454637e-02 6.787972565368428912e-02
1.075000601822484668e+03 1.033074855003076609e-01 8.417346268530533082e-02
1.073907175144618577e+03 1.106713301941074923e-01 9.835569558593505735e-02
1.072814086397412666e+03 8.252488149762385317e-02 6.635404209293281619e-02
1.071721225815274011e+03 1.183975326390537819e-01 9.633718606030131082e-02
1.070628812531923813e+03 1.303984128358711969e-01 1.198329109415823129e-01
1.069536627179327297e+03 1.085425057705064200e-01 9.007298663959203977e-02
1.068444888799866703e+03 1.649404633038069334e-01 1.496443294141044378e-01
1.067353378117130205e+03 1.577208556251807337e-01 1.519029835905028880e-01
1.066262204571057737e+03 1.736758769913753497e-01 1.701353116501716500e-01
1.065171368021960689e+03 1.619440168151866088e-01 1.689364254876922489e-01
1.064080868330224348e+03 1.478767469020378367e-01 1.532238735720973799e-01
1.062990705356316084e+03 1.542739256304859197e-01 1.668459759217380822e-01
1.061900769540875672e+03 1.206298398070428102e-01 1.379685244490463092e-01
1.060811279607134793e+03 9.341321445103867305e-02 1.069136088225762088e-01
1.059722016598753953e+03 8.636827294493382157e-02 9.941570683245419537e-02
1.058633199147956930e+03 6.230862543330323300e-02 7.229940222235838043e-02
1.057544608389698624e+03 6.394625870375542087e-02 7.093362445698669916e-02
1.056456353559223089e+03 4.480211891942789681e-02 4.918554000006395560e-02
1.055368434517524975e+03 6.141479645685601896e-02 5.954250964500379384e-02
1.054280851125670324e+03 7.028205695656500329e-02 7.399946063112129713e-02
1.053193603244816131e+03 5.492221397383004189e-02 5.549583196475985081e-02
1.052106581521084536e+03 6.543368764803531024e-02 6.526454829780951872e-02
1.051020004268698358e+03 6.468706887642303172e-02 6.452571113062044450e-02
1.049933652941535001e+03 7.740295166911465019e-02 7.831816248041631456e-02
1.048847745763125658e+03 6.489536838455345347e-02 7.139475160064941150e-02
1.047762064278312209e+03 4.015391158487821577e-02 3.878156909382187573e-02
1.046676717518376563e+03 7.294653297175157647e-02 7.187668858330853450e-02
1.045591705344994352e+03 5.363185342013332413e-02 5.716294602004533959e-02
1.044507027619914652e+03 5.116820846396799571e-02 4.780863302113324415e-02
1.043422684204964298e+03 7.116852541569934631e-02 7.064459110759219174e-02
1.042338674962055393e+03 6.803420117663963596e-02 7.166403409381383316e-02
1.041254999753170523e+03 4.089948443377536269e-02 4.345777547066486529e-02
1.040171549474592439e+03 4.586745228104316396e-02 4.041817572126060742e-02
1.039088541942637221e+03 7.373576597632736096e-02 7.322236411604859940e-02
1.038005759110554209e+03 5.504953540485044150e-02 5.673981595995634258e-02
1.036923309806394400e+03 5.889144503370150052e-02 5.699474846996185895e-02
1.035841302767907564e+03 6.678247062028530578e-02 6.949484607230491107e-02
1.034759520084148107e+03 4.401278942675040939e-02 4.477887590666854850e-02
1.033678070515603849e+03 5.519137408886420904e-02 5.230784915751993808e-02
1.032596953924856507e+03 6.717023066019822686e-02 6.759802224608771337e-02
1.031516170174565559e+03 6.008555426122533238e-02 6.349079002903008917e-02
1.030435610364847662e+03 4.011095043967993767e-02 4.084030383498340327e-02
1.029355491906289217e+03 4.597472346210249028e-02 4.214949898578899262e-02
1.028275705876623988e+03 6.447253643814718216e-02 6.134946151561999905e-02
1.027196143443763958e+03 7.268335275332984957e-02 7.503456162211226410e-02
1.026117021883379266e+03 4.739893035802508758e-02 4.837356931430094459e-02
1.025038123690954762e+03 6.115787281907916761e-02 5.759571615413233009e-02
1.023959666052313196e+03 7.954947311898677431e-02 7.978988781313776923e-02
1.022881431553064772e+03 8.835369461220442255e-02 9.389914928879795897e-02
1.021803528706605334e+03 6.373160797063895378e-02 7.305900432900537533e-02
1.020725957376347196e+03 5.111022292642106168e-02 5.490887308942438150e-02
1.019648717425769519e+03 6.143134497953781081e-02 6.717986639797016157e-02
1.018571808718438774e+03 4.732993704955701375e-02 5.422386504617970893e-02
1.017495231117990443e+03 3.327528423837564087e-02 3.585896154680861397e-02
1.016418984488144474e+03 4.783172516582973044e-02 4.864754512933374547e-02
1.015342960244641858e+03 4.684731430710364908e-02 4.991537903584516989e-02
1.014267375169851448e+03 4.961761919537163723e-02 5.051252400771000239e-02
1.013192120657261967e+03 5.760597792474550505e-02 6.259592427460546060e-02
1.012117088190025470e+03 3.601080412212132043e-02 3.956406920676629191e-02
1.011042494416360455e+03 4.602175935726091072e-02 4.471382070755183791e-02
1.009968122461055600e+03 7.042073400770812452e-02 7.571518766062765304e-02
1.008894080569207745e+03 4.414243456991143177e-02 5.065951258362321602e-02
1.007820476896551781e+03 5.099530047752345863e-02 5.629273856757380928e-02
1.006747094702269578e+03 2.837327370380801628e-02 3.485084236817793946e-02
1.005674042164597608e+03 3.102251546833734164e-02 3.148239484097854757e-02
1.004601319148062544e+03 3.096053864302572567e-02 3.343845227914016283e-02
1.003528925517277912e+03 3.899935876286819703e-02 3.746827504755252669e-02
1.002456861136928751e+03 4.537739842146193414e-02 4.930329335493172788e-02
1.001385125871771834e+03 3.680649751535677860e-02 3.654555384849802330e-02
1.000313719586652496e+03 4.745290694287332411e-02 4.998210406307681403e-02
9.992426421464814439e+02 5.465843313879392706e-02 5.679547652275730718e-02
9.981717853255406681e+02 3.941150927994546693e-02 4.950288391449350622e-02
9.971013651925708245e+02 5.787063195401620508e-03 -6.819014982096617604e-05
9.960312734997385178e+02 7.291061400783624413e-02 7.471388942451070991e-02
9.949614020883013836e+02 3.342718500196459330e-02 3.810799563646537907e-02
9.938919668937080587e+02 4.867173533597821122e-02 5.133353626854252061e-02
9.928227517556204020e+02 2.511407811768057163e-02 2.793592491737394851e-02
9.917539725207103629e+02 4.263755387115961137e-02 4.187048415872514362e-02
9.906854131176809233e+02 3.936266450067885114e-02 4.188528122829403982e-02
9.896171813916082556e+02 4.346067985618484730e-02 4.376735410877995169e-02
9.885493850988568738e+02 4.722831899090054741e-02 4.930152949406171187e-02
9.874818083015386492e+02 5.207220881195617768e-02 5.612361484977200499e-02
9.864145587783548308e+02 3.701961268627509960e-02 4.020083721566784785e-02
9.853476363951788244e+02 4.837466830221495706e-02 5.281219367721502050e-02
9.842810410179577048e+02 1.889853837618771237e-02 2.118188471499745859e-02
9.832148802926409417e+02 4.304378320479879116e-02 4.195902235542507686e-02
9.821489385033457893e+02 3.552519961761729794e-02 3.801117776300860090e-02
9.810833233183150242e+02 4.957581454505793905e-02 5.044381760726541347e-02
9.800179268902392096e+02 2.588176760738283844e-02 3.019716020470019843e-02
9.789529645346613052e+02 3.273005202233619793e-02 2.760756308931471004e-02
9.778883283823145121e+02 5.340338898350979746e-02 5.626059502709248455e-02
9.768240182996750036e+02 4.040658921564571626e-02 3.913512547471652281e-02
9.757600341532883022e+02 5.334917930618024440e-02 5.541233061397188298e-02
9.746963758097845130e+02 4.953838019805137383e-02 4.961394000173403873e-02
9.736329355547967452e+02 5.550065347479871125e-02 5.823230152977671575e-02
9.725699284392837853e+02 6.229620207546864019e-02 6.335046440995717454e-02
9.715072467269691288e+02 6.557706274971322746e-02 7.445926260033965127e-02
9.704448902847799445e+02 3.548855481240725807e-02 3.645326188384816202e-02
9.693827514867984974e+02 7.002761611127246433e-02 7.470275971261704229e-02
9.683210452079483730e+02 4.892325547401571439e-02 5.512368194896304779e-02
9.672595563515432104e+02 5.131597748213646837e-02 5.534950783494860249e-02
9.661984997045907448e+02 5.613427561353967477e-02 6.113938687190572513e-02
9.651376602585852424e+02 5.687097289540560263e-02 6.423847191567826076e-02
9.640772527126943032e+02 4.839588768090594129e-02 5.583601351915640221e-02
9.630170621465080103e+02 3.325801478381509857e-02 4.020117565874976179e-02
9.619573031714279523e+02 3.217415120000610695e-02 3.451367166813026216e-02
9.608977609550789794e+02 3.224140628399269071e-02 3.764595795744896112e-02
9.598386500211616976e+02 1.821568407883059071e-02 1.519047309041275141e-02
9.587797556252579625e+02 5.863086149155513627e-02 6.044592154277228513e-02
9.577212922034475469e+02 3.945879716953004657e-02 4.167952463526122808e-02
9.566630450991956423e+02 6.344845751169646275e-02 6.603938948188510516e-02
9.556051214536101952e+02 5.382944750902123043e-02 6.303400855914202683e-02
9.545476283202240211e+02 2.176293817339053360e-02 2.375834659720415382e-02
9.534903511742003275e+02 4.739991780112311204e-02 4.787254182678869069e-02
9.524333970911160350e+02 4.707425380932928061e-02 5.088256651413651521e-02
9.513768730590849145e+02 5.859428313892287021e-02 6.238764930654182306e-02
9.503205646848037986e+02 3.374805557258522826e-02 4.185011295365276274e-02
9.492645789784047565e+02 2.500983605746667782e-02 2.043484327746982257e-02
9.482089158083456368e+02 6.981050673722993816e-02 7.531707556373887225e-02
9.471536820756273301e+02 3.902844140169395293e-02 4.086650837431195921e-02
9.460986635620839706e+02 6.588580823686673860e-02 7.176883055765197195e-02
9.450439671907038246e+02 4.685243100508285075e-02 5.150468959733793539e-02
9.439895928302398715e+02 5.734685728976772479e-02 6.784102377529441230e-02
9.429356472947289376e+02 -5.812397992504547695e-04 -6.367438380449695189e-04
9.418819165408522167e+02 5.594800865740523488e-02 5.612500703312670730e-02
9.408285074045974170e+02 2.894954646967540235e-02 3.264039683552193843e-02
9.397754197550101480e+02 5.290710136194061441e-02 5.209376784302562763e-02
9.387227603193065306e+02 5.399209609376308394e-02 6.267728457576214607e-02
9.376703152287266221e+02 1.562926336323725018e-02 1.635741842149798439e-02
9.366181912324025234e+02 3.199918834396409117e-02 2.880211339160189399e-02
9.355663881996704276e+02 5.708679257950610708e-02 5.707268611116800977e-02
9.345150127710622883e+02 6.154022369191833319e-02 6.483876506302983789e-02
9.334638512521016764e+02 5.689498722360587790e-02 6.246500905184903391e-02
9.324130103051971901e+02 4.389893052555798869e-02 4.684254588142010983e-02
9.313625965059611644e+02 4.825750530923315906e-02 5.266538833987986779e-02
9.303123962904375048e+02 3.341933059620662283e-02 3.261421560050814517e-02
9.292625162560892704e+02 7.125014944340449241e-02 7.484406768750243022e-02
9.282129562727665189e+02 4.742740085081662005e-02 5.315544250674669041e-02
9.271638228296468469e+02 5.097482174329306948e-02 5.463170404587888718e-02
9.261149025365519947e+02 4.421186113458347444e-02 4.808639869698762975e-02
9.250663019044758357e+02 4.862756325256568923e-02 5.408168769969758094e-02
9.240181273578577930e+02 1.649303938002691372e-02 1.642050936670105474e-02
9.229701656366739826e+02 5.358508349040576324e-02 5.316406378465562965e-02
9.219226296982023996e+02 3.766306222535127646e-02 4.046543026962237666e-02
9.208753063690878662e+02 5.040481264996637956e-02 4.985289837513205008e-02
9.198283020524331732e+02 4.434747452233860077e-02 4.779428847535328179e-02
9.187817230649642397e+02 4.338120599333528116e-02 4.208446025558365555e-02
9.177353563632182158e+02 4.716893013506283372e-02 4.823157068083010895e-02
9.166894146887166244e+02 6.018814087031906790e-02 5.858340930100672250e-02
9.156436850845002482e+02 7.546611097801811385e-02 8.251603999133902412e-02
9.145983802059118943e+02 4.047560719040615984e-02 4.210963558679658297e-02
9.135532871824228778e+02 6.064034637446696907e-02 6.249345589009956681e-02
9.125086185832685715e+02 5.223236454293617159e-02 5.462032525031199071e-02
9.114642679195644632e+02 6.329983973832532806e-02 6.474363510622642426e-02
9.104201287886610316e+02 6.009670637704701834e-02 6.540354169101045279e-02
9.093764136307628405e+02 4.042615857694560610e-02 3.764201935959468615e-02
9.083329097911105237e+02 9.563313831287789668e-02 9.837898414016332804e-02
9.072898296239787896e+02 7.606435939360080278e-02 8.431828815551217771e-02
9.062470667485240483e+02 7.555422447812694398e-02 8.048883506740535376e-02
9.052046210362074135e+02 7.335993973649954092e-02 8.180918146726119666e-02
9.041624923585684428e+02 6.679654957190722664e-02 7.265370334340200131e-02
9.031205744639025852e+02 6.356629736891089566e-02 7.017062408524232797e-02
9.020790794919643076e+02 7.895269546133083793e-02 8.464456641961108641e-02
9.010379011697316400e+02 8.043153362811725215e-02 9.536999242132129795e-02
8.999970393690193760e+02 1.670241913148867718e-02 2.097992747554035947e-02
8.989564939617267783e+02 4.613488887054846554e-02 4.651182939706170749e-02
8.979162648198162060e+02 5.637863891357386414e-02 5.975882373144607296e-02
8.968763518153212999e+02 6.846176885273586032e-02 7.176824072748244632e-02
8.958367548203495971e+02 7.931990558841270356e-02 8.838667320776494307e-02
8.947975796589768152e+02 5.015731534060070829e-02 5.712485623466780765e-02
8.937586142782689649e+02 5.109095152310061394e-02 5.405829167639016747e-02
8.927199645238407584e+02 7.554721102012035283e-02 8.183705935606787329e-02
8.916816302680834951e+02 6.106740669304865088e-02 7.100946088482362750e-02
8.906437172498567634e+02 3.776517452611145853e-02 4.092910559175572116e-02
8.896060135875436572e+02 5.674042897603660818e-02 6.119567775626685857e-02
8.885686250415100176e+02 5.374222391173205660e-02 5.696738107410472679e-02
8.875316572867926652e+02 7.007173883963520311e-02 7.700251280469437576e-02
8.864948985700814319e+02 5.033329786537869832e-02 5.423591215647648178e-02
8.854585603476150482e+02 8.209068504266398003e-02 9.001537036460700858e-02
8.844225366899422625e+02 4.911212834372480351e-02 5.785999018481061129e-02
8.833867217529251548e+02 4.694090206626938544e-02 5.154562942283637261e-02
8.823513268651443013e+02 4.084304339298563957e-02 4.392641379716889782e-02
8.813162461613114829e+02 6.340024814035209733e-02 6.731364085973612355e-02
8.802814795146160805e+02 5.440251647628026321e-02 5.929192062716195921e-02
8.792470267983258054e+02 7.513770192395832770e-02 8.160078598986413023e-02
8.782128878857754444e+02 4.829581374862836063e-02 5.593576406497158260e-02
8.771790626503736803e+02 5.601400072665080332e-02 5.933690071819604228e-02
8.761455509655917240e+02 5.687665253426664458e-02 6.315048761225604268e-02
8.751123527049815038e+02 6.893321434362169320e-02 7.427315318483704298e-02
8.740794677421573624e+02 5.743944796831668143e-02 6.650249855042390801e-02
8.730468959508054922e+02 5.549409814619485348e-02 5.937328809166048799e-02
8.720147426880768080e+02 6.667494371898023686e-02 7.638701162143997359e-02
8.709827968398157054e+02 5.048845395837163463e-02 5.640248396838918460e-02
8.699511637845166661e+02 5.548619183757198814e-02 6.507201309091151242e-02
8.689199488159786142e+02 2.343856639546104681e-02 2.777510473290229973e-02
8.678890463460699038e+02 2.375702509305908927e-02 2.409110432771803534e-02
8.668583508714133359e+02 5.565568374976294364e-02 5.539600546177381873e-02
8.658280730423754221e+02 8.015765063921717615e-02 8.970851386859184096e-02
8.647981073345625873e+02 3.594426512567448773e-02 4.129059393080185963e-02
8.637684536223138139e+02 4.947857914045089567e-02 5.260646944881208070e-02
8.627391117800412985e+02 5.550976822207097372e-02 6.191965164410128536e-02
8.617100816822272691e+02 3.093149566727530775e-02 3.386029099147665200e-02
8.606813632034208013e+02 5.295459595912486994e-02 5.382461904275026576e-02
8.596529562182402060e+02 6.724272296147973393e-02 7.395847959733407861e-02
8.586248606013780318e+02 5.161644075472936188e-02 5.677578153812090633e-02
8.575970762275892412e+02 4.377730161034090739e-02 4.739191404703314153e-02
8.565697081380774307e+02 6.272970044030516668e-02 6.461839601981488046e-02
8.555425458539232295e+02 8.274784165164397742e-02 9.233191722358229103e-02
8.545157995617993265e+02 5.627309316824802288e-02 6.353663250652843986e-02
8.534892588671826843e+02 5.777079005258041466e-02 6.562109914582674175e-02
8.524631338726533158e+02 4.501116232197367728e-02 5.033527922969913138e-02
8.514373193291617099e+02 5.121193584808535204e-02 5.638782328053236481e-02
8.504118151119702134e+02 6.295078113030389000e-02 6.887356512058769031e-02
8.493866210964196171e+02 5.534665894602971981e-02 6.499313844313850397e-02
8.483617371579177870e+02 3.782752222328887581e-02 4.102725743063070918e-02
8.473371631719352308e+02 6.030492224434678972e-02 6.956465807211258123e-02
8.463128990140187398e+02 1.483699369407964763e-02 1.526263748626248938e-02
8.452890494949159574e+02 8.493725647410062252e-02 9.035142961088425684e-02
8.442654045990650502e+02 5.518235209063021562e-02 6.743857195736020771e-02
8.432421740515397914e+02 3.352907021576122248e-02 3.844306160683625545e-02
8.422191479207931479e+02 3.237761913735695551e-02 3.766804818032232216e-02
8.411965358481854764e+02 4.220373743208660766e-02 4.539980540678027060e-02
8.401742328164978062e+02 4.336837798611697936e-02 5.078079334911173026e-02
8.391522387017754454e+02 3.002994898957773995e-02 3.236279031279671453e-02
8.381305533801375987e+02 4.758626595332991760e-02 5.538719663948715732e-02
8.371091767277747522e+02 -4.406193307263661652e-04 -3.978969152890861273e-04
8.360881086209360546e+02 4.365917968514682057e-02 4.325045388557697407e-02
8.350673489359510313e+02 4.705208825868122113e-02 5.174246341609240601e-02
8.340468975492074151e+02 4.457862829351876000e-02 4.751172094652051509e-02
8.330268590212301660e+02 4.572358091136233260e-02 5.049551147039598592e-02
8.320070238395531987e+02 4.314200401037317223e-02 4.621227893545466064e-02
8.309876012280495843e+02 5.430360732269268187e-02 5.956965593250507923e-02
8.299684863793455634e+02 4.998434600416930274e-02 5.692241810876138425e-02
8.289496791701977827e+02 2.436031123505455476e-02 2.862772739103192424e-02
8.279311794774321243e+02 3.321222341905558095e-02 3.402134229952219480e-02
8.269129871779439327e+02 4.690467545575116581e-02 5.130659487761980719e-02
8.258951021486936952e+02 4.207898431494763725e-02 4.467389664255467380e-02
8.248775242667068142e+02 5.673293804075055236e-02 6.288632860122825297e-02
8.238603579056587023e+02 3.880833852237898507e-02 4.277518391830481548e-02
8.228433939287747307e+02 6.298482042094039057e-02 6.985976320697495634e-02
8.218268411856613511e+02 3.028216059275741501e-02 3.790497568717737797e-02
8.208105950570712821e+02 2.382654631564809500e-02 2.451722865712093608e-02
8.197946554203963387e+02 5.066316728825290272e-02 5.635496789187315753e-02
8.187790221531000725e+02 2.998758664141581987e-02 3.361806104688888630e-02
8.177636951327044699e+02 4.649776595217300357e-02 5.086377475463574327e-02
8.167486742368096202e+02 4.358427654264998563e-02 4.994244542217386729e-02
8.157339593430740479e+02 3.038447135205951666e-02 3.644057104090021176e-02
8.147196546390094909e+02 1.543726212998443315e-02 1.731362776574389001e-02
8.137055513621378395e+02 3.215903218164213595e-02 3.583846296739576914e-02
8.126918579891935224e+02 9.902890755469656581e-03 1.069739032054502215e-02
8.116784700883464438e+02 2.981222578710568394e-02 3.069661324616144993e-02
8.106653875376260885e+02 1.443029811582895172e-02 1.308067211497482632e-02
8.096526102151181021e+02 6.316833369029022094e-02 6.444447936029368273e-02
8.086401379989865745e+02 3.732013194317475302e-02 4.381507816848336651e-02
8.076280749324247381e+02 3.819401768819831455e-02 3.629781786105909513e-02
8.066162125431263803e+02 8.038581573114535195e-02 9.066703606936749038e-02
8.056047590187620244e+02 1.665202490721809370e-02 2.034895920875522818e-02
8.045935059697653742e+02 4.123843635970977917e-02 4.314985549873281284e-02
8.035826615013686478e+02 4.910570033001319945e-02 5.412148228902428915e-02
8.025721213684739723e+02 3.752339344414747091e-02 4.245946980104377266e-02
8.015618854497331540e+02 3.287967831845652056e-02 3.442271763376303362e-02
8.005519536238674618e+02 6.178492497099997982e-02 6.698235368918394050e-02
7.995424297696486065e+02 4.986099212309570705e-02 5.801482848454302121e-02
7.985331057453610129e+02 2.521545675078984416e-02 2.919436973572055866e-02
7.975241894093358042e+02 4.013700418174083462e-02 4.340171210483773773e-02
7.965155766405948725e+02 4.017359276610918406e-02 4.545792621760306323e-02
7.955072673182083918e+02 3.686651060443500716e-02 4.027791895031122837e-02
7.944992613213180448e+02 4.538001414636402830e-02 5.020544743616900396e-02
7.934915585291352045e+02 5.279139149049985602e-02 5.884746960697474771e-02
7.924841588209294514e+02 4.455379088123656572e-02 5.311664004852381660e-02
7.914771659116000819e+02 2.698850732999227842e-02 3.236344620705497444e-02
7.904703719889203057e+02 2.222667944032589993e-02 2.768059602904589592e-02
7.894639845829813112e+02 1.030253050855305108e-02 1.153098588975179709e-02
7.884578997377858514e+02 2.684790772818310134e-02 2.910415858353112770e-02
7.874521173329654857e+02 2.656454277284522880e-02 2.851405132099715800e-02
7.864466372482152110e+02 3.485954053719882151e-02 3.778212625219790066e-02
7.854414593632969854e+02 4.153558709278172556e-02 4.552439047576031100e-02
7.844366872501555008e+02 3.367864698397420031e-02 3.994462420088323862e-02
7.834322170556539504e+02 1.420405716480391267e-02 1.535543249466728502e-02
7.824279450085537064e+02 3.879087164412692301e-02 4.279868186430603461e-02
7.814240783117834326e+02 1.792272140738920827e-02 2.114242044610809002e-02
7.804205131737890042e+02 1.932891360303777561e-02 2.086632723743979401e-02
7.794173530646761492e+02 1.308337319961989931e-02 1.246680270474341545e-02
7.784143906644263780e+02 4.696519307009899835e-02 4.787493047285626413e-02
7.774118330128071648e+02 4.585241378854057470e-02 5.357604588952572661e-02
7.764094728715856490e+02 -6.900270337167890844e-05 -1.572728874038961287e-04
7.754075171990319859e+02 3.067429878247594777e-02 3.084572161532826012e-02
7.744058623265769938e+02 1.734751419774181735e-02 1.729159834740728527e-02
7.734045081348199346e+02 4.817944294868140021e-02 4.755531182088715975e-02
7.724035579516212238e+02 5.457998896360814062e-02 6.144234860029409301e-02
7.714028047429533217e+02 2.526023990499282057e-02 2.674705606001689939e-02
7.704024552636768703e+02 3.930095491288150555e-02 4.259505959960306620e-02
7.694024059474742216e+02 3.133524106970322909e-02 3.306341126323497637e-02
7.684026566752932013e+02 3.565795662230573926e-02 3.933063799827563739e-02
7.674032073281449584e+02 1.632820269620045839e-02 1.584502568998344754e-02
7.664040577871119240e+02 3.730255669921700434e-02 3.736865964124481965e-02
7.654053112382324571e+02 4.584619862134010904e-02 4.736376756319904402e-02
7.644067609326285719e+02 4.642071870011928170e-02 5.036319012971589293e-02
7.634086133410825141e+02 3.542131354672158061e-02 3.644402404676872625e-02
7.624107650400658258e+02 4.848022884489805451e-02 5.241842042379900313e-02
7.614132159110059774e+02 3.056903870199700890e-02 3.085270917126656243e-02
7.604160690388933972e+02 6.059284594525086304e-02 6.452101429876994088e-02
7.594191178780340579e+02 4.017821706857895026e-02 4.348727379810777421e-02
7.584225686968092077e+02 5.878904424765538095e-02 6.463396177845033563e-02
7.574263181734362433e+02 1.655244769447640485e-02 2.064311406307689847e-02
7.564303661896851736e+02 1.836925643244564921e-02 1.748906264259042151e-02
7.554347126273994490e+02 1.645048549209746080e-02 1.475500415207193529e-02
7.544393573684815237e+02 4.111759861100647284e-02 3.869559859256725687e-02
7.534444033568022405e+02 4.733616785794587944e-02 4.897573319787895674e-02
7.524497473721035021e+02 4.291057790548924444e-02 4.206616650263446389e-02
7.514553892965067234e+02 5.453908161144134514e-02 5.564978964214908896e-02
7.504613290122024409e+02 5.904683545446193921e-02 5.975242462584784420e-02
7.494675664014355334e+02 7.539237908867749138e-02 7.984092824588159831e-02
7.484742043075342508e+02 5.979781357663518926e-02 6.509307854543683325e-02
7.474810366707050662e+02 4.625078041681231211e-02 4.788581770449956004e-02
7.464882692752739786e+02 7.479997865733178930e-02 7.809334060955573642e-02
7.454957990427600407e+02 6.925496728758061271e-02 7.743763228145840449e-02
7.445036258557613564e+02 3.922578942054485984e-02 4.152497805321313240e-02
7.435118524572636716e+02 6.706648179801422138e-02 7.099222210000358246e-02
7.425202729892237130e+02 5.322140059756806652e-02 5.902533361178825128e-02
7.415290930349889322e+02 4.420358575373542487e-02 4.607438230287003167e-02
7.405382096171107378e+02 5.319520507212364968e-02 5.627668448291025388e-02
7.395476226185237465e+02 5.290230810846884013e-02 5.322464062306030141e-02
7.385574346820892515e+02 9.387448028995563909e-02 1.002527855976643040e-01
7.375674401510898406e+02 6.742777815144629372e-02 7.629422897879330201e-02
7.365778444083171053e+02 5.785515662193115027e-02 6.443973434574147563e-02
7.355885445771295963e+02 3.306450572083216577e-02 3.669131712166990439e-02
7.345995405408128818e+02 6.315730350215088829e-02 6.468681169590090319e-02
7.336109348423042320e+02 7.099904448156660330e-02 8.049946974469322780e-02
7.326225220257972524e+02 4.042151396678862751e-02 4.301984471215196393e-02
7.316345072739378566e+02 7.244604990051983773e-02 8.050395189539039098e-02
7.306467878106918761e+02 2.903219736516947369e-02 3.431223830156889670e-02
7.296593635196832111e+02 3.778520766999757252e-02 3.974204260550304180e-02
7.286722342845965841e+02 4.210392138394065953e-02 4.597819937313082916e-02
7.276855025287383114e+02 2.672636991902396786e-02 2.875983612110494941e-02
7.266990655564070494e+02 2.436854147254265135e-02 2.176182533730914789e-02
7.257129232515020476e+02 6.654231097334664669e-02 6.798744465294744022e-02
7.247270754979876983e+02 4.921093704648933642e-02 5.485550098730156143e-02
7.237415221798869425e+02 2.072452567182637984e-02 1.781745104512557146e-02
7.227563656210436420e+02 7.324710478985393958e-02 7.307384785339338107e-02
7.217715032259820873e+02 7.872602768859884859e-02 8.626881471214925545e-02
7.207869348789379274e+02 5.104107048993543339e-02 5.521091570307489621e-02
7.198026604642200255e+02 5.602663881452248085e-02 6.101042765309129534e-02
7.188187822262459576e+02 4.004954125671855714e-02 4.345868009874531701e-02
7.178350953094170563e+02 3.505422239730485168e-02 3.662873655424593589e-02
7.168518042984634349e+02 3.754890598109184019e-02 3.635413954242300294e-02
7.158688067178961774e+02 6.543012817590349028e-02 6.810317289166932520e-02
7.148862047328578910e+02 4.916414272903206484e-02 5.295527001799917033e-02
7.139037936471733019e+02 4.483742609850274730e-02 4.570749708812004569e-02
7.129217778867606512e+02 6.560444504777235286e-02 6.913307007156541117e-02
7.119400550559631711e+02 4.877282084962326902e-02 5.574150678519332325e-02
7.109586250396969263e+02 1.132278110319179243e-02 9.663413736187315140e-03
7.099774877229345975e+02 3.960971073619894145e-02 3.797736178645640115e-02
7.089967451521270050e+02 4.917338037159404984e-02 4.791085806105103984e-02
7.080162950113210627e+02 7.660206157702560692e-02 8.345035555158922258e-02
7.070361371856997721e+02 -4.353318749047152547e-04 -4.377067304304316339e-04
7.060562715605133235e+02 3.753605187530145715e-02 3.100119708504934027e-02
7.050768001032564598e+02 6.924635532683780237e-02 7.207565142116593992e-02
7.040976205775415337e+02 5.846248697701511565e-02 6.297100237913717813e-02
7.031187328688267826e+02 7.196019303372838682e-03 7.776103097263204790e-03
7.021401368626314934e+02 2.741505402372693134e-02 1.945857870352080132e-02
7.011618324445373673e+02 6.443375579092910921e-02 6.847037324913528289e-02
7.001839214835245002e+02 8.120429892462449617e-03 3.178776274662742114e-03
6.992063018424723850e+02 4.962482707018478489e-02 4.680081266003315726e-02
6.982289734071712246e+02 2.495949133330836733e-02 2.141773243417722378e-02
6.972520379876007155e+02 4.847982297318842448e-02 4.304836310975069386e-02
6.962752916016972904e+02 5.228431842313595312e-02 5.230899456530520991e-02
6.952989379639911931e+02 2.708188683646331474e-02 2.088257683950951737e-02
6.943228750364168036e+02 5.862285446553454349e-02 5.378028262375205565e-02
6.933472045503970094e+02 6.254519843561162640e-02 6.116179767159715674e-02
6.923717226818234849e+02 5.174514376221363288e-02 4.908443187628618726e-02
6.913966329878803663e+02 5.646938358940101210e-02 5.195120588747449697e-02
6.904218335095904422e+02 7.856864415860895234e-02 7.780497152374211967e-02
6.894474258999561016e+02 6.925134663820467495e-02 6.923499085675399733e-02
6.884732064925641453e+02 7.764253585707411864e-02 8.000768997190779719e-02
6.874993786875044179e+02 3.764887209273558299e-02 3.722724757714342136e-02
6.865258406047684048e+02 4.543807342727930465e-02 3.871516877232116655e-02
6.855525921310203330e+02 7.025188634839135693e-02 6.713597322082115459e-02
6.845797348214023259e+02 8.817804223958750076e-02 8.766361111005875617e-02
6.836071668550515597e+02 7.802414382059766340e-02 8.132853661645386700e-02
6.826348881188359883e+02 6.960380608509197931e-02 6.814733192129107664e-02
6.816628984996839336e+02 9.568527324325939998e-02 1.010069433383895127e-01
6.806912994746058985e+02 6.245929349057348368e-02 6.798825939528228834e-02
6.797198877310332819e+02 2.275453965523245581e-02 2.154002235149414524e-02
6.787488663165556773e+02 3.207924329915605444e-02 2.386670202391340603e-02
6.777782350596544347e+02 6.581422719477961203e-02 6.349850984498847661e-02
