1.680443721548184612e+03 1.015097557040976206e-01 8.742557428414882148e-02
1.679180963683449136e+03 8.713077405645425211e-02 7.836248952131773249e-02
1.677918493639695953e+03 9.175225692943128619e-02 7.904329279660481100e-02
1.676656311318535927e+03 8.740218473336711091e-02 8.250214073408773663e-02
1.675394539252671393e+03 4.120693678186465592e-02 4.043121427292008935e-02
1.674133054656865397e+03 8.053857546733528272e-02 6.366586131652936242e-02
1.672871857432893648e+03 9.930902534496433010e-02 8.568376631360041795e-02
1.671611070029836128e+03 7.519903594694343774e-02 6.957388695518763877e-02
1.670350569746470683e+03 6.490682829645527674e-02 5.742678140165048684e-02
1.669090478976197119e+03 8.938757799309837715e-02 7.627365135899581705e-02
1.667830675073749035e+03 8.141143090402375160e-02 7.759253829032841665e-02
1.666571157941179536e+03 4.169999078339081677e-02 4.466600782014426563e-02
1.665311927480579016e+03 4.684661844946330644e-02 4.177273653924843538e-02
1.664053228354084695e+03 6.324276862564764956e-02 5.609482725991390278e-02
1.662794693240350171e+03 5.829058781305446191e-02 5.272810837859367994e-02
1.661536566773813547e+03 5.610002762789040309e-02 5.416273693314096332e-02
1.660278726476800330e+03 1.793275524101473062e-02 1.922151714386709925e-02
1.659021294520379570e+03 6.763580165458854543e-02 5.064492146049612287e-02
1.657764148482671317e+03 7.350384051217401238e-02 6.804593598462495285e-02
1.656507288266173646e+03 3.838302660179565562e-02 3.544361143764054173e-02
1.655250835958738435e+03 5.725390801207985714e-02 5.228962287221617516e-02
1.653994669222084667e+03 1.698347247341952526e-02 1.807173713327499265e-02
1.652738787958866169e+03 5.492377240893564494e-02 3.924887399034279051e-02
1.651483314173824056e+03 7.594141326406700365e-02 6.466641582355252271e-02
1.650228247686489112e+03 5.640407300858035766e-02 4.976341698219984011e-02
1.648973344223320510e+03 5.888575916316685088e-02 5.376197697565077843e-02
1.647718969826962166e+03 3.880270168112115448e-02 3.736754917948893751e-02
1.646464758260589633e+03 3.865857053728349868e-02 3.608487429181901629e-02
1.645210953437228682e+03 2.955456773051401420e-02 2.535057033272019797e-02
1.643957433241055242e+03 5.484814025897338796e-02 4.621965618923296049e-02
1.642704319483269273e+03 2.614945495551307397e-02 2.480901466530425342e-02
1.641451490103568858e+03 5.577769806953541964e-02 4.288930425440398014e-02
1.640199066857952857e+03 4.592940116807014972e-02 4.443376503311927822e-02
1.638946805916441690e+03 2.725275849060726507e-02 2.302181275147290387e-02
1.637695072657808396e+03 3.498689718315106667e-02 2.972287666431283615e-02
1.636443501509968655e+03 4.614063162468262647e-02 3.546120144957366771e-02
1.635192457686053331e+03 4.150614984167372290e-02 3.884606827193015643e-02
1.633941575779854702e+03 2.716615156627788519e-02 1.912518869231775651e-02
1.632691099151886647e+03 5.367527224553658716e-02 4.577241770923681785e-02
1.631440905963464502e+03 2.698123378033784325e-02 2.029962213273596439e-02
1.630191117750171088e+03 6.168071065435754008e-02 5.203338520488258456e-02
1.628941612728631299e+03 1.104571127305248313e-02 1.124165098273169176e-02
1.627692512379439677e+03 4.904623876077840450e-02 3.517406348076029809e-02
1.626443694974480195e+03 3.811777349631501055e-02 3.298382998324621979e-02
1.625195160417625630e+03 4.127061648836005681e-02 3.138910670283965448e-02
1.623947030107047112e+03 3.519412601830046450e-02 2.934178858888460834e-02
1.622699182397434015e+03 4.007403582644819551e-02 2.809768900117233514e-02
1.621451738632066508e+03 5.722238443936022989e-02 4.544324194675365691e-02
1.620204577220795500e+03 5.416661616134571533e-02 4.433678081593209197e-02
1.618957698067769343e+03 5.160535748811595491e-02 4.663174935854537406e-02
1.617711222433998728e+03 2.213277037453292850e-02 2.155896672991965829e-02
1.616465028811979437e+03 3.181784801707765453e-02 2.527781503611791630e-02
1.615219238407946477e+03 2.462702041316761070e-02 2.152371000412488938e-02
1.613973729769446663e+03 2.465487290275736321e-02 1.580446671964463867e-02
1.612728624047969561e+03 4.369048257167806870e-02 3.280727910408041265e-02
1.611483799846080728e+03 5.075610842341449214e-02 3.888044350895006329e-02
1.610239257068310053e+03 4.811863704878038828e-02 4.538432512446693295e-02
1.608995116784100901e+03 -6.406767138682489815e-04 -5.029964621099692343e-04
1.607751257678439970e+03 3.619048448767353543e-02 2.433732034242269693e-02
1.606507800766131368e+03 3.211556499078938032e-02 2.338602082756386161e-02
1.605264624787068442e+03 5.407183809815369058e-02 4.206534464780578575e-02
1.604021729646059839e+03 2.522561682825491536e-02 2.385955843441672081e-02
1.602779236276011716e+03 2.604772113277786794e-02 1.733449343210556604e-02
1.601537144499819306e+03 3.677923604178851003e-02 2.927217003168263929e-02
1.600295212193663929e+03 2.606213701022419560e-02 2.035096511872206901e-02
1.599053802182816753e+03 2.348086259786374974e-02 1.592890271792311851e-02
1.597812551452106391e+03 3.624004020207127752e-02 2.643138299276663952e-02
1.596571822663106559e+03 2.620736363893411136e-02 1.893264704494179024e-02
1.595331252964580017e+03 3.987781735695167251e-02 2.908333262343646558e-02
1.594091084017538378e+03 2.419928122928083347e-02 1.936781091242856939e-02
1.592851194835761362e+03 2.932991273151480671e-02 1.819563431906514456e-02
1.591611706107066539e+03 3.979827570163790851e-02 3.103044989606575793e-02
1.590372617655132444e+03 2.155425701033497621e-02 1.564101436462120992e-02
1.589133687847710689e+03 2.622827474588984575e-02 1.506847373814635890e-02
1.587895278774367398e+03 4.861847412916420197e-02 3.668736957852693215e-02
1.586657028156631895e+03 1.897080044115667663e-02 1.429986790719648716e-02
1.585419177274529602e+03 3.986130618270772308e-02 2.567108981068727536e-02
1.584181725952156967e+03 3.521352374305741773e-02 2.963849225824290168e-02
1.582944553421676346e+03 2.290570948420345143e-02 1.295620048451325522e-02
1.581707659588881143e+03 4.052848570295430886e-02 3.157905019620349529e-02
1.580471164897337985e+03 1.520446792773860745e-02 8.504129344737456492e-03
1.579234948660905047e+03 3.703670657896407370e-02 2.297986724898996511e-02
1.577999131268988776e+03 4.661788630691654500e-02 3.504154925007741533e-02
1.576763592089879012e+03 3.685203702335621001e-02 2.884875910664841739e-02
1.575528451458858171e+03 3.454150983432241473e-02 2.689123893073262772e-02
1.574293588798606606e+03 2.361803835102521676e-02 1.886727095153455450e-02
1.573059124390327042e+03 1.964145140187284477e-02 1.265704250553231248e-02
1.571824937711041457e+03 1.842324343029233535e-02 1.133344941443652568e-02
1.570591028667036198e+03 2.424686194716141330e-02 1.238283367394616905e-02
1.569357517458456641e+03 4.439876637050738095e-02 3.242792840248086977e-02
1.568124283643753188e+03 2.661388498267963643e-02 2.170932886882824195e-02
1.566891447369090884e+03 1.121580907051722420e-02 4.771240351071136081e-03
1.565659008459863571e+03 2.714067857787777482e-02 1.613077856387796008e-02
1.564426726370202005e+03 2.142310518051721013e-02 1.404854153740130694e-02
1.563194961563772949e+03 1.822115658906403590e-02 7.873029662451387287e-03
1.561963353390192879e+03 2.830528345445010308e-02 1.754524149868508243e-02
1.560732142046532090e+03 1.491559762732980188e-02 5.946426206906966702e-03
1.559501327358600292e+03 2.746545071470940513e-02 1.141141166332725922e-02
1.558270789101569335e+03 4.798606823054418768e-02 3.426723206598003557e-02
1.557040647206108133e+03 1.678930321214855415e-02 7.802560328141190486e-03
1.555810781501462088e+03 4.099717762478949368e-02 2.416282965079828357e-02
1.554581191894625817e+03 3.204997140222420882e-02 1.982581609258282987e-02
1.553351998235614928e+03 5.837228670943517272e-02 3.878347339528377680e-02
1.552123080434692611e+03 4.522122743497353214e-02 3.868862525407037317e-02
1.550894558288167218e+03 2.774136424469358930e-02 1.529042319044180386e-02
1.549666431622537857e+03 5.192382753836133347e-02 4.161202800202398744e-02
1.548438460593649324e+03 1.995766635539564238e-02 1.430181523724372190e-02
1.547211004614967806e+03 2.163425401746310595e-02 1.397357957548374038e-02
1.545983823869362823e+03 1.456486281429780760e-02 4.637451056094477921e-03
1.544756918264273736e+03 2.563662050799919712e-02 1.300216863196435382e-02
1.543530407435123834e+03 3.244999223309830150e-02 1.725202899191353306e-02
1.542304171507813635e+03 3.588475742061436602e-02 2.377455855927250797e-02
1.541078210389936430e+03 2.735859198361445532e-02 1.151166194780804848e-02
1.539852763284071443e+03 5.813977133340500481e-02 4.050552764944412298e-02
1.538627471075048106e+03 3.722502591537069083e-02 2.545115225529319403e-02
1.537402572938774711e+03 4.339371587664170304e-02 2.825881307063370443e-02
1.536178068702687142e+03 4.748138172178656413e-02 3.142099408880569961e-02
1.534953838653982530e+03 6.341265899345979729e-02 4.758710329445094145e-02
1.533730002214151682e+03 5.076440219164307655e-02 4.033130808940239842e-02
1.532506439724076927e+03 4.640973139757442745e-02 3.651470659894321541e-02
1.531283151091787659e+03 4.253426146273348030e-02 3.346477147000168073e-02
1.530060255658695269e+03 3.916677466497847648e-02 3.322892518421061148e-02
1.528837753252746097e+03 1.573209863896724015e-02 1.199750895659833921e-02
1.527615524322067131e+03 1.248462152047785656e-02 5.800286087485806777e-03
1.526393568774902178e+03 1.645317077813690521e-02 4.714889738264683647e-03
1.525172005846064394e+03 3.326118897896851445e-02 2.176033562222314324e-02
1.523950835363842316e+03 1.166056148635086220e-02 4.798586206990313970e-04
1.522729937883441153e+03 4.732275449945611001e-02 2.893759284814419533e-02
1.521509313313321400e+03 3.164320256035374479e-02 2.145155299247159669e-02
1.520289080781860093e+03 3.727213429190789906e-02 2.151007226015723764e-02
1.519069240117684103e+03 3.751291056950734060e-02 2.676328094901335095e-02
1.517849671982909285e+03 2.205020431143994708e-02 9.334417689818954797e-03
1.516630376286220326e+03 4.127098125066941403e-02 2.414325809990039776e-02
1.515411472049713439e+03 4.579647998808183962e-02 3.222288389514453566e-02
1.514192959102356326e+03 2.555796450492497929e-02 1.386627114272775442e-02
1.512974718213017468e+03 4.319402839822872320e-02 2.672246771192113984e-02
1.511756749290593916e+03 2.413306694050737500e-02 1.464299254325831905e-02
1.510539171251073640e+03 2.266624567560598935e-02 3.526836234697802632e-03
1.509321983923761991e+03 5.989872789941194653e-02 3.823017539197905157e-02
1.508105068184109541e+03 5.243646696492107462e-02 3.666671814067017088e-02
1.506888423941231622e+03 3.546468730952379023e-02 2.259571800243087916e-02
1.505672170005163935e+03 3.286576761529158563e-02 1.489064872873032200e-02
1.504456306205552664e+03 4.929724054612252826e-02 2.923395050102351941e-02
1.503240713524270859e+03 5.752460974092513113e-02 3.596908965317482942e-02
1.502025391870644626e+03 6.131347884915794300e-02 4.551430829392798250e-02
1.500810459948928383e+03 3.050834938474650260e-02 1.498892564918043353e-02
1.499595917589099599e+03 5.649645385471371850e-02 3.529906494527318417e-02
1.498381645879292364e+03 4.332536054288615990e-02 2.476331866695488659e-02
1.497167763444536149e+03 6.488346551325829825e-02 4.176723732845377679e-02
1.495954151426032240e+03 4.452558970611383837e-02 2.654794484220943107e-02
1.494740809733431888e+03 7.272538189440222456e-02 4.413811755679786231e-02
1.493527856912611242e+03 7.436359748474558051e-02 5.647207822816614070e-02
1.492315292794046854e+03 5.059193155252644791e-02 2.765881118593364538e-02
1.491102998624957763e+03 9.150203175120610877e-02 6.539298391031181379e-02
1.489891092872181389e+03 7.080109053966499033e-02 5.292476179655653673e-02
1.488679456835872315e+03 6.183767412607826808e-02 4.173514904681624449e-02
1.487468208930219134e+03 7.421598887602848249e-02 5.124525125611013865e-02
1.486257230508280827e+03 6.823784852910141918e-02 5.033227252120087147e-02
1.485046639931643085e+03 5.137754406342423530e-02 3.024837043347474927e-02
1.483836318606219720e+03 7.058393869911952501e-02 4.551771051947611779e-02
1.482626384841029676e+03 6.802021199023114417e-02 4.208341372009559433e-02
1.481416720094811126e+03 8.357333644095552017e-02 5.477321641529594998e-02
1.480207442624047644e+03 8.676597749132039517e-02 5.673880157538946367e-02
1.478998552260158249e+03 1.079654994992144679e-01 7.671161704434126261e-02
1.477789930541056265e+03 9.915208246802958980e-02 7.144369014914322968e-02
1.476581577377208305e+03 1.081136070990182940e-01 7.840755193145604318e-02
1.475373610920153396e+03 9.951301894998534903e-02 7.128000306832119048e-02
1.474166031001644569e+03 1.193262596909898110e-01 8.383945558887155591e-02
1.472958719264999445e+03 1.452631405454948010e-01 1.103795314186066107e-01
1.471751675620888136e+03 1.555329893579904810e-01 1.260459398235167783e-01
1.470545136252137354e+03 1.277726016195155356e-01 1.063043882753424985e-01
1.469338746582656540e+03 1.346273765619712126e-01 1.074878132977923756e-01
1.468132860852802196e+03 1.381844333771645728e-01 1.180635214656577808e-01
1.466927124643940488e+03 1.124441407666473824e-01 9.310708337862613759e-02
1.465721892039300656e+03 1.173940438742833992e-01 9.538104585653098266e-02
1.464516808777594633e+03 1.256954868381888468e-01 9.983941173843118022e-02
1.463312228785031721e+03 1.406627740538851645e-01 1.165168087791676049e-01
1.462107915910272368e+03 1.368444198309026749e-01 1.129846659509168155e-01
1.460903870064470539e+03 1.466563577851736633e-01 1.259773265154391642e-01
1.459700209059256849e+03 1.261576918785723145e-01 1.066026810022034366e-01
1.458496932727471403e+03 1.460955772261600394e-01 1.251962632905217199e-01
1.457293923053874323e+03 1.182438551117964420e-01 1.004504518918659106e-01
1.456091297771906056e+03 1.606541689893009328e-01 1.322949590798469244e-01
1.454888938918696340e+03 1.558207327174135348e-01 1.420424769300231704e-01
1.453686964175602270e+03 1.257390936477411902e-01 1.079120016585546349e-01
1.452485255632090002e+03 1.577814724619184539e-01 1.376253613593686753e-01
1.451283930917464431e+03 1.399760587857746819e-01 1.239493225193456089e-01
1.450082872173489250e+03 1.581577831856234850e-01 1.374481030612411669e-01
1.448882196977468993e+03 1.583391537391594384e-01 1.423933514398789124e-01
1.447681905162997737e+03 1.623024159539542821e-01 1.431582454850843511e-01
1.446481878950216242e+03 1.818628854641076154e-01 1.647621914092981810e-01
1.445282118250981512e+03 1.854715967905788410e-01 1.704802313564801330e-01
1.444082858100218573e+03 1.983398627010974358e-01 1.901757396226519403e-01
1.442883745647290652e+03 1.732291586054666710e-01 1.724847393789434302e-01
1.441685133410780509e+03 1.774195184968491712e-01 1.811010634059076752e-01
1.440486786179737919e+03 1.385449223170788502e-01 1.516456452831827506e-01
1.439288703866282049e+03 1.314428926415587284e-01 1.456770528758478123e-01
1.438091003814199212e+03 8.598155926687031658e-02 1.060537630448282337e-01
1.436893685857838591e+03 1.065773055621080379e-01 1.180900290151063320e-01
1.435696632451908272e+03 7.006697848884660407e-02 9.847057092968844461e-02
1.434499843508739559e+03 2.676622689447510917e-02 4.458457687356065513e-02
1.433303553596465463e+03 5.447763744037625866e-02 6.797353573419251394e-02
1.432107410566112094e+03 3.358266430977507877e-02 4.889227040562595106e-02
1.430911766236097492e+03 2.297250406285245017e-02 3.409466114033087025e-02
1.429716385863222513e+03 4.022819624300444374e-02 4.203584891466938950e-02
1.428521269360083124e+03 5.520912996729462896e-02 5.992289142496696336e-02
1.427326533837759143e+03 4.223252198495874854e-02 4.450764193672143015e-02
1.426132179131343491e+03 6.289699533333123482e-02 6.341621650472686889e-02
1.424938087929300309e+03 5.203266959115376844e-02 5.432685804660119383e-02
1.423744377265321191e+03 5.938661471646483614e-02 5.843285623981121085e-02
1.422551046974765768e+03 7.322931776516697355e-02 6.991590637744840575e-02
1.421357979823835649e+03 9.409067341781096605e-02 9.522714670172506557e-02
1.420165175725503786e+03 6.319978612408172491e-02 7.538979550657774753e-02
1.418972751610417163e+03 3.574451658243577024e-02 4.598223262562396024e-02
1.417780707314250094e+03 4.349058954389267706e-02 5.105992163378323540e-02
1.416588925706712644e+03 2.138751327537913305e-02 3.353096681319515937e-02
1.415397523641273665e+03 1.518032723503276449e-02 1.830900812664270488e-02
1.414206500953869863e+03 4.339013931153551384e-02 4.767919761681527202e-02
1.413015740591742542e+03 -3.163516919607589628e-04 1.076263277962761361e-02
1.411825242468231409e+03 -7.447550349644616041e-04 -9.966576355385588139e-04
1.410635123334036507e+03 1.359107474512777358e-02 1.135268984129797834e-02
1.409445383025419233e+03 1.987426493673993821e-02 1.203824398290636796e-02
1.408256021378723517e+03 4.719604007661054590e-02 4.129934787549593977e-02
1.407066921470208854e+03 1.043249746660873667e-02 8.917515302651184486e-03
1.405878083213481887e+03 3.988528155166015665e-02 2.625562967128976938e-02
1.404689623231015503e+03 5.124964540808255031e-02 4.660261408860897486e-02
1.403501541359479461e+03 2.887253202310696709e-02 2.339352270699768602e-02
1.402313720778149445e+03 3.472236026329589276e-02 2.892902856158058658e-02
1.401126278032678783e+03 2.879849187410932210e-02 2.115359281565243679e-02
1.399939212959999168e+03 3.387179757432057237e-02 2.604393572696116904e-02
1.398752408816551451e+03 3.406902858030191883e-02 2.439482597344742182e-02
1.397565982071274902e+03 3.456414009068570214e-02 2.741380737941582699e-02
1.396379816032001600e+03 2.341235103317018673e-02 1.334908704737908583e-02
1.395194027116555390e+03 3.648246823104817071e-02 2.496566144221320366e-02
1.394008498684122287e+03 3.187715631018961382e-02 2.150006331222244563e-02
1.392823463554036834e+03 1.736477031707039931e-02 7.327997255374634790e-03
1.391638572206059962e+03 2.752636041183265103e-02 7.193612573867406122e-03
1.390454173835528081e+03 5.851607821793197717e-02 4.106553833371915513e-02
1.389270035451653030e+03 3.889682879563266527e-02 2.219146156072934056e-02
1.388086156968839077e+03 6.386133243961483741e-02 4.538768476325911322e-02
1.386902654626359435e+03 5.018949540789849340e-02 3.656701991424809312e-02
1.385719528262125550e+03 4.573714154996211256e-02 3.257647822332832011e-02
1.384536661440346506e+03 2.851638207808715464e-02 1.152117470881802025e-02
1.383354170323926155e+03 6.721342533825597210e-02 4.510722220710537689e-02
1.382172054751032420e+03 4.977716094172238148e-02 3.703908713129089314e-02
1.380990198362596175e+03 4.302494095690817533e-02 2.425913539366271812e-02
1.379808717245246044e+03 5.284003108424153994e-02 3.469883595384348762e-02
1.378627495091002856e+03 5.055845927645047366e-02 3.152027553108107533e-02
1.377446647935678357e+03 5.077957318000478337e-02 3.187404889968944305e-02
1.376266175617849740e+03 5.350783989891455539e-02 3.165906116198603099e-02
1.375085961906117973e+03 6.659947887444558901e-02 4.508929586649768756e-02
1.373906122760159406e+03 6.192639429373469895e-02 4.271173262557747402e-02
1.372726541999567189e+03 5.926500554087790751e-02 3.891265602486292802e-02
1.371547335533307205e+03 6.987086220881499887e-02 4.866663389624558550e-02
1.370368503200367059e+03 6.638379459861473708e-02 5.026986018399074579e-02
1.369189928896758374e+03 4.394022230298860743e-02 2.749171023623539142e-02
1.368011728455466709e+03 4.924072642687382650e-02 2.928211466402321633e-02
1.366833901715730690e+03 4.358885347188051762e-02 2.233477613566219044e-02
1.365656332649900833e+03 6.001123189464238616e-02 3.438570613095927320e-02
1.364479137015066499e+03 6.179299031539359222e-02 3.850752709391908751e-02
1.363302198834409182e+03 7.084668101515220751e-02 4.490240690386769484e-02
1.362125633814464436e+03 7.105810175373397652e-02 4.964338001808153017e-02
1.360949441794874247e+03 6.525474709009856933e-02 4.140440458165525056e-02
1.359773506875009843e+03 7.086234521654091734e-02 4.914579030459202691e-02
1.358597944685657012e+03 6.040403641344554986e-02 3.753329902215640085e-02
1.357422755066711943e+03 6.757703393770711497e-02 4.301272854506121845e-02
1.356247822193641468e+03 7.701049854095287639e-02 5.237158291361448254e-02
1.355073261621571646e+03 6.518975197535803456e-02 4.483922767616853322e-02
1.353898957576645216e+03 6.531974732414774776e-02 3.980074366697616134e-02
1.352725141152348442e+03 6.690284485320019403e-02 4.466952969701581261e-02
1.351551465422703814e+03 7.346665160975168751e-02 4.477671149250201516e-02
1.350378276994382531e+03 8.530100508633547962e-02 6.758543548591805505e-02
1.349205344606022663e+03 2.807967457815724321e-02 6.165926614255545259e-03
1.348032668173813136e+03 7.188972135925605911e-02 4.075493640182138028e-02
1.346860478539360656e+03 7.435830842643936789e-02 4.673889002903987983e-02
1.345688544592803055e+03 7.653841080086037918e-02 5.102281726248154847e-02
1.344516866250491830e+03 6.523346037037416889e-02 3.594539954509378549e-02
1.343345558815977483e+03 9.455980121180074249e-02 6.704156158643352625e-02
1.342174622130209627e+03 5.943352161547379997e-02 3.390716709363669062e-02
1.341004056034235191e+03 9.172077836729053413e-02 6.026222463852232147e-02
1.339833745057457008e+03 7.680781555809898520e-02 5.123818182466486487e-02
1.338663804403088761e+03 8.803995221744895239e-02 5.811186482831410399e-02
1.337494118650928840e+03 8.260727652175378632e-02 5.692806173964586741e-02
1.336324802954065945e+03 7.894842158458786896e-02 5.079134602781010949e-02
1.335155857153944453e+03 8.804734195126404095e-02 5.814484861510825497e-02
1.333987165905901065e+03 8.876542940179027452e-02 6.496871213223898156e-02
1.332818844287920001e+03 5.493850306460357213e-02 2.412370060106353020e-02
1.331650892141694385e+03 1.216961461521278431e-01 8.666676040329174269e-02
1.330483194198004867e+03 7.514312989092525319e-02 5.354541680197353465e-02
1.329315865459825545e+03 9.052130655220444466e-02 5.718379217153434640e-02
1.328148905769095109e+03 7.987573833697364512e-02 5.411723267086362976e-02
1.326982199931949935e+03 9.048999548624359068e-02 5.389933806399415522e-02
1.325815862876439724e+03 1.049791121434761054e-01 7.512976903551386865e-02
1.324649894444748043e+03 1.028360481940770177e-01 6.801579751476533042e-02
1.323484179518285373e+03 1.211954968994109760e-01 9.225535858376852916e-02
1.322318832950256819e+03 1.012423465160640357e-01 7.388989648146403189e-02
1.321153739672197389e+03 8.994954777076563657e-02 6.357164537618137379e-02
1.319989129373387186e+03 9.146859414878963368e-02 5.681365448161201925e-02
1.318824772099595293e+03 1.205846573564336999e-01 8.786461935126965717e-02
1.317660667768368285e+03 1.075800130643924379e-01 7.667973341613248950e-02
1.316496931108373474e+03 1.156248788545831130e-01 8.330621379923079661e-02
1.315333561962433805e+03 1.227082764794217018e-01 9.013412608400564463e-02
1.314170560173467948e+03 1.242047081373005846e-01 9.640078769246912538e-02
1.313007810848163899e+03 9.625078547962440112e-02 6.633957983775427836e-02
1.311845428615741639e+03 1.283438538661163530e-01 9.010676509246602628e-02
1.310683413319362671e+03 1.425937688016897520e-01 1.120044623061053624e-01
1.309521650140628935e+03 1.183887463484260549e-01 8.654718331194966030e-02
1.308360253634273477e+03 1.427080509340258874e-01 1.072292202593233129e-01
1.307199109031786747e+03 1.384336554447850309e-01 1.044845258229625262e-01
1.306038445425341934e+03 1.587451936739774083e-01 1.203401764839604482e-01
1.304878033459530116e+03 1.723596655887647544e-01 1.344913254644754530e-01
1.303717873052522464e+03 2.075943539966995377e-01 1.684808460370214866e-01
1.302558078635088577e+03 2.149567049095022775e-01 1.834101012464917635e-01
1.301398650051027289e+03 2.404938002494352023e-01 2.072884845433958234e-01
1.300239587144226789e+03 2.688496368772438361e-01 2.475333481894714249e-01
1.299080775320512885e+03 2.692976895572211649e-01 2.587785340924824151e-01
1.297922328911676004e+03 2.527016574002474147e-01 2.600606336920335826e-01
1.296764247761845127e+03 2.067737956889892370e-01 2.268411948050488014e-01
1.295606417351408481e+03 1.341269753589225400e-01 1.688579401422105053e-01
1.294448951938019491e+03 5.270063684248091351e-02 8.412794743942350606e-02
1.293291851366051333e+03 1.326298535132736101e-02 3.621425276512876823e-02
1.292135115479959950e+03 1.407238816884603949e-02 2.544540641632253575e-02
1.290978629859432431e+03 -6.857602923678318696e-04 9.348122983470730576e-03
1.289822508663408598e+03 8.487783007277094338e-03 4.623621942684097950e-03
1.288666637521138682e+03 3.512104043827418698e-02 3.305445018325971207e-02
1.287511130542264254e+03 2.881210369868131282e-02 2.420928913966529511e-02
1.286355987571636433e+03 3.484060886193671158e-02 3.273192437154176515e-02
1.285201208454194102e+03 2.295048925481224522e-02 1.835174143319378420e-02
1.284046678918246698e+03 1.750603912746073743e-02 1.447366331663213317e-02
1.282892512974960027e+03 1.065647892256249563e-02 -4.016958914383915642e-04
1.281738596402093663e+03 2.876885294593595210e-02 1.829021020124362018e-02
1.280585157204391408e+03 2.787777262025242786e-02 1.129259958265049248e-02
1.279431967117002614e+03 6.126636745873292877e-02 4.914412214196411249e-02
1.278279026059234411e+03 2.510088760019885123e-02 1.500368011750205337e-02
1.277126561888266679e+03 4.721444208307873369e-02 3.218556122823406501e-02
1.275974346487227422e+03 4.900753382068009922e-02 3.643162355471400715e-02
1.274822493695310413e+03 4.678785411131580751e-02 3.845674086198341834e-02
1.273670889463112189e+03 2.123945322370268673e-02 1.000494949160687236e-02
1.272519647580762694e+03 4.412313408232476641e-02 3.172299288558119712e-02
1.271368767894163739e+03 1.178662974823174725e-02 1.869632713232333089e-04
1.270218250249300581e+03 4.370426633574395203e-02 2.221816284132668851e-02
1.269067980695325332e+03 5.981178899658795567e-02 4.423230672903161881e-02
1.267918072924390799e+03 5.262104658979555039e-02 3.952632476144610912e-02
1.266768526782726440e+03 4.460344706276206383e-02 3.252248912678024767e-02
1.265619228393284629e+03 4.480164286012469632e-02 3.304370860347390776e-02
1.264470405073691836e+03 3.256759856616608939e-02 2.175148271287380072e-02
1.263321829248203130e+03 3.096371430746594489e-02 1.799584412109888135e-02
1.262173500836852099e+03 3.110587933042546771e-02 1.694576521629551080e-02
1.261025533385105518e+03 3.060380903514400841e-02 1.609198350180253076e-02
1.259877926739661007e+03 3.474504525175287073e-02 1.624855750121317541e-02
1.258730680747308270e+03 5.372823440858609523e-02 3.791973320043560275e-02
1.257583681702886452e+03 3.392829849742551307e-02 2.050896533001238253e-02
1.256437156581873751e+03 3.398069917267065865e-02 1.924587411386947944e-02
1.255290764648480035e+03 2.804479847225155309e-02 8.995653005148799078e-03
1.254144846332633279e+03 5.995649013041304265e-02 4.081472113315384037e-02
1.252999174499575247e+03 3.462911006472205178e-02 1.958744118759575548e-02
1.251853862499743855e+03 5.753064026214668725e-02 3.689726818379316514e-02
1.250708910180485418e+03 4.981818652058339625e-02 3.635176309486787272e-02
1.249564317389239704e+03 4.491048172425510243e-02 2.776390548507592926e-02
1.248419970616705314e+03 4.435846029324633233e-02 2.905590081493776913e-02
1.247275983116036514e+03 4.715888209395582842e-02 2.716706120245569733e-02
1.246132241426787914e+03 7.312317539425416957e-02 5.519783666749114581e-02
1.244988972037290750e+03 5.456633006405953168e-02 4.523557196361042282e-02
1.243845948203480930e+03 2.727653100852883705e-02 1.349642872449397131e-02
1.242703169846252877e+03 5.297894800463334719e-02 3.594141837838230741e-02
1.241560863308166745e+03 3.738080877472596542e-02 2.391275438943720952e-02
1.240418801991339251e+03 4.631753356529105803e-02 2.794082367789079910e-02
1.239277098979039465e+03 5.047327563948408868e-02 3.347351165730021866e-02
1.238135754119493868e+03 6.326708373648559647e-02 4.590981638366394002e-02
1.236994654147348683e+03 5.123035480297916111e-02 3.846847081020005749e-02
1.235854025162608423e+03 5.654321104246115559e-02 4.110371003188773020e-02
1.234713527745515421e+03 4.478280131454387414e-02 3.415595061890704803e-02
1.233573501012833958e+03 4.728354190441463878e-02 3.114311656056274399e-02
1.232433831723797766e+03 4.908063908406257170e-02 3.970033696031634307e-02
1.231294406734675931e+03 2.026749712432424078e-02 6.093680110343417319e-03
1.230155338935161808e+03 5.193757256649733645e-02 3.354214777412282966e-02
1.229016515230094910e+03 4.345593585643162116e-02 3.008233218884504359e-02
1.227878048460850323e+03 4.367455111730803030e-02 2.564487498616773581e-02
1.226740051372084963e+03 6.159558533103490219e-02 4.692061513255946920e-02
1.225602185125965434e+03 3.311415359294750393e-02 2.081873040913437625e-02
1.224464788258617773e+03 4.842503801315750644e-02 3.050999047175177725e-02
1.223327634900523890e+03 4.178182121048090725e-02 2.765595956710777473e-02
1.222190837772486020e+03 4.951686890031900545e-02 2.935363703029230872e-02
1.221054396723924128e+03 6.371194824373477283e-02 4.767090320271509529e-02
1.219918311604346400e+03 5.618388825101233719e-02 4.081006828977106621e-02
1.218782469536731924e+03 5.267823146402950130e-02 3.946451435485345133e-02
1.217646983145594959e+03 4.949450014391199026e-02 3.361948244144615655e-02
1.216511852280665835e+03 5.152839849487306223e-02 3.747560879957217983e-02
1.215376964137466757e+03 5.216463740082810663e-02 3.350546792233605881e-02
1.214242543898600616e+03 7.569532684674940004e-02 6.142027631102362634e-02
1.213108366129511296e+03 4.307753157513732889e-02 3.238700786809406429e-02
1.211974543334562441e+03 5.606810961522221137e-02 3.978297276272822758e-02
1.210840962805855270e+03 5.743848565248046989e-02 4.540217038578780312e-02
1.209707849533733224e+03 4.817295000364357760e-02 3.598499745301422803e-02
1.208574978276461252e+03 4.071796631539337241e-02 2.835023625037830231e-02
1.207442348956512205e+03 4.575975958426137247e-02 2.846355049591622888e-02
1.206310186420221271e+03 6.187527306795198578e-02 4.762342029278193029e-02
1.205178265570264784e+03 3.640616765154608414e-02 2.291748252764826480e-02
1.204046698743172101e+03 6.243252792495662673e-02 4.146218429270578931e-02
1.202915485789630793e+03 7.380128043840755714e-02 6.187933611149627755e-02
1.201784626560409379e+03 3.866530895866501782e-02 2.765863185328028620e-02
1.200654008564380320e+03 5.301020026105698890e-02 3.574385428839422368e-02
1.199523856360419813e+03 5.698519027825016403e-02 4.416171165521355635e-02
1.198393945139515154e+03 3.990417295182099866e-02 2.538835703492244023e-02
1.197264274824605764e+03 4.650980526460415931e-02 2.826039469456986808e-02
1.196135069831069359e+03 6.236055812210658522e-02 3.895701729903037341e-02
1.195006105493790983e+03 9.562274956559593808e-02 7.752360506443435606e-02
1.193877493934226322e+03 6.255820336560830031e-02 5.137896720089325103e-02
1.192749235003776676e+03 6.715749390419453735e-02 5.272628657988109868e-02
1.191621216403333619e+03 4.835321993193833490e-02 3.406007724838794326e-02
1.190493662309530919e+03 8.433973562049981720e-02 6.328589467790989020e-02
1.189366348296704246e+03 7.280918578901596216e-02 6.432735611978925017e-02
1.188239386367159796e+03 5.384064377724559480e-02 3.865408912633911537e-02
1.187112664317573717e+03 6.376373769726809138e-02 4.803016390332406904e-02
1.185986406133906030e+03 7.951956097411966295e-02 5.968483601203741079e-02
1.184860387581714804e+03 8.579779612646443177e-02 7.332139227660831871e-02
1.183734720568143757e+03 7.858839311585869014e-02 6.411988974523528950e-02
1.182609404945297229e+03 7.813631862057679456e-02 6.958933418870379140e-02
1.181484328629381935e+03 6.319497184790603961e-02 4.965418711877436081e-02
1.180359603456259947e+03 8.289013473731027259e-02 7.209671626513143583e-02
1.179235341166667240e+03 6.214148467527594311e-02 5.259432805981399672e-02
1.178111205947813460e+03 6.347733384361575748e-02 5.243546582305613768e-02
1.176987533317412272e+03 6.862952326938306924e-02 5.350712110705601460e-02
1.175864211239649421e+03 8.590621170542606100e-02 7.598743918809636178e-02
1.174741127773850849e+03 5.951750700198490951e-02 5.132907743518567989e-02
1.173618394613602959e+03 6.592293168591703556e-02 5.594905360613131040e-02
1.172496011611716767e+03 5.499420019085579647e-02 4.443896439486471478e-02
1.171373866898938786e+03 6.944484597691261141e-02 5.646216348395159679e-02
1.170252183796270856e+03 6.377206764084328294e-02 5.559476650627769717e-02
1.169130738736165995e+03 4.174935910999000299e-02 3.043765138289487859e-02
1.168009643293898080e+03 6.723915142580061399e-02 4.756966222736696420e-02
1.166888897322678986e+03 8.264522022784467903e-02 7.012295318987947501e-02
1.165768389072110267e+03 6.832595541641411918e-02 5.472282117938447044e-02
1.164648341626605315e+03 8.020481169809509647e-02 6.880605236094859689e-02
1.163528531655895222e+03 6.512354233812439608e-02 5.388973030186859636e-02
1.162409070617181442e+03 7.276187448400917024e-02 6.211239995424337051e-02
1.161289958364066706e+03 5.549841835608360086e-02 4.494956144698636358e-02
1.160171083264775007e+03 5.694830832218558681e-02 4.332005147402279155e-02
1.159052556705764118e+03 5.853031196644012391e-02 3.861770832606329501e-02
1.157934489979086266e+03 1.012677897304777863e-01 8.008503212057738185e-02
1.156816660038591181e+03 9.795375356386554211e-02 8.738479715863205211e-02
1.155699066809066153e+03 7.830900882462416002e-02 6.941951057541616288e-02
1.154581932950242162e+03 6.872809268744181632e-02 5.762001558583508543e-02
1.153465035557759620e+03 7.537575495646642310e-02 6.261699255894495608e-02
1.152348485876867471e+03 7.209385436961399107e-02 5.945948065449968567e-02
1.151232283761866256e+03 7.962577481849314465e-02 6.611692083362535888e-02
1.150116429067130412e+03 7.189198445257793946e-02 6.085307052195905453e-02
1.149000921647123050e+03 6.918662230257294210e-02 5.435710967095353646e-02
1.147885650130218210e+03 7.778865292312817092e-02 6.315822970571130512e-02
1.146770836846903421e+03 7.408395112391988335e-02 5.869954223029903023e-02
1.145656259223042980e+03 8.173435486471528066e-02 6.645210797306598527e-02
1.144541917183919850e+03 6.873102419391566298e-02 5.318438026227326199e-02
1.143428032919179259e+03 8.295597909027310757e-02 6.299711990242799764e-02
1.142314495104607659e+03 7.296920821805605306e-02 5.540710117271002710e-02
1.141201192509993689e+03 8.601292824924205993e-02 5.748266818610071188e-02
1.140088236122579019e+03 1.175757725357355066e-01 9.317806590889640694e-02
1.138975625797516159e+03 1.144488223662004922e-01 8.939591037189922873e-02
1.137863361390040609e+03 1.326527343134030756e-01 1.086851843791294403e-01
1.136751331764032102e+03 1.373132257669810730e-01 1.105344004907668348e-01
1.135639758781195269e+03 1.792275463036583361e-01 1.529896392736600774e-01
1.134528420337537000e+03 1.988544770764890113e-01 1.821020115045795806e-01
1.133417427280033280e+03 1.992782027150633295e-01 1.926667527208566211e-01
1.132306779464309557e+03 1.947116931723715805e-01 1.923166684144086147e-01
1.131196476746069493e+03 2.002685652831699414e-01 2.083549622368819632e-01
1.130086408130046038e+03 1.779565371180478195e-01 1.929365851812099575e-01
1.128976684369891700e+03 1.660215005930595344e-01 1.917019779728831586e-01
1.127867416125861382e+03 1.113201597616886307e-01 1.394440052914426853e-01
1.126758381621952594e+03 1.063076902625937070e-01 1.322515482135930842e-01
1.125649580784294130e+03 7.680714197722895986e-02 1.066260439952650546e-01
1.124541235007674459e+03 4.567439850997712103e-02 7.390979070953968000e-02
1.123433233367364892e+03 2.043810559820063988e-02 3.818861575327389679e-02
1.122325465032008424e+03 4.217167792815920691e-02 5.718910929185831715e-02
1.121218040592310444e+03 8.070688906626488635e-03 2.360685707739032177e-02
1.120110959904744277e+03 1.784594385422727525e-02 2.063152670445543221e-02
1.119004222825861234e+03 3.383665635154609053e-02 3.957964847169671840e-02
1.117897829212293118e+03 1.767213917592935779e-02 2.087346177756981697e-02
1.116791668349479323e+03 3.596145736754646771e-02 3.370374663142642474e-02
1.115685850712003003e+03 3.763341735722133818e-02 4.166768692357357418e-02
1.114580486681496268e+03 2.281372310651968993e-02 2.024584301621185078e-02
1.113475355042096908e+03 4.734704431543038106e-02 4.633894763287788043e-02
1.112370455720521250e+03 3.212946469885891165e-02 3.216164918902623265e-02
1.111266009553729418e+03 4.334346124814841827e-02 4.608311043946598795e-02
1.110161905897345605e+03 -1.317880378729985313e-03 2.113408045726264568e-03
1.109058034199936401e+03 8.851229069715860209e-03 -1.221860965704393582e-03
1.107954504773916142e+03 2.414328851432956391e-02 1.628106518085249005e-02
1.106851317476680151e+03 1.970526197869165719e-02 1.057391703504119949e-02
1.105748472165703333e+03 1.593085045334258210e-02 2.112099610250993062e-03
1.104645968698539036e+03 4.580876589316662528e-02 2.755756643447357726e-02
1.103543806932829057e+03 5.819024353509191783e-02 4.934447187473373769e-02
1.102441876456590080e+03 3.795121788415162234e-02 2.957950969078896111e-02
1.101340397690159989e+03 3.547618332195368041e-02 2.526245160042359800e-02
1.100239149975127702e+03 3.114591902584368244e-02 1.737215969599924942e-02
1.099138243439131202e+03 4.898172993153665500e-02 3.360485464246992793e-02
1.098037677940187905e+03 4.629303689415184553e-02 3.561751988369286220e-02
1.096937343182263476e+03 3.816756050066819062e-02 2.382864984755188667e-02
1.095837459354875364e+03 4.116487460531220721e-02 2.634943265311076241e-02
1.094737916139062690e+03 4.720550811381826750e-02 2.673470803321149891e-02
1.093638603308266738e+03 7.667711010278974171e-02 6.311522393780809315e-02
1.092539630851917991e+03 4.080828821724780120e-02 3.049883452656045740e-02
1.091440998628491570e+03 5.453309211038662174e-02 3.477327505225680238e-02
1.090342706496537630e+03 6.814456309958744074e-02 5.696147828752760878e-02
1.089244754314689771e+03 4.236254698327165946e-02 2.848136284962722239e-02
1.088147031971975593e+03 5.584780572486527928e-02 3.885069091362351734e-02
1.087049759289572648e+03 4.891015401494444581e-02 3.284454596628343798e-02
1.085952716209980053e+03 5.861908673508420264e-02 3.750223344214624610e-02
1.084856122462484564e+03 6.937656172799741561e-02 5.177059585413996273e-02
1.083759758081757582e+03 7.260133932905041276e-02 5.352979169445884478e-02
1.082663732850557381e+03 8.136175066821033086e-02 6.762214582149578268e-02
1.081567936796303684e+03 6.556415317953109834e-02 5.069257268132836697e-02
1.080472589464695147e+03 7.174200143818709741e-02 5.592571544330760674e-02
1.079377580860347052e+03 6.855212615099870455e-02 5.191812657217628052e-02
1.078282801079764340e+03 7.397496270449094302e-02 5.631384829990199181e-02
1.077188359791198309e+03 7.925981438859647232e-02 6.120526259515853690e-02
1.076094366571234787e+03 8.108498496791058385e-02 6.340765395652800396e-02
1.075000601822484668e+03 9.531380485456955598e-02 7.585679840138927210e-02
1.073907175144618577e+03 9.789478117738553697e-02 8.575857822734610225e-02
1.072814086397412666e+03 8.667713680030728063e-02 6.768099514994330157e-02
1.071721225815274011e+03 1.117638341057559659e-01 9.713396824191171397e-02
1.070628812531923813e+03 9.987677587993026851e-02 8.084447972433264629e-02
1.069536627179327297e+03 1.505443079255455174e-01 1.351029774204545175e-01
1.068444888799866703e+03 1.450061507006112083e-01 1.407651072558187832e-01
1.067353378117130205e+03 1.485931160611291268e-01 1.483682007128230562e-01
1.066262204571057737e+03 1.256995071199993319e-01 1.289860854879795182e-01
1.065171368021960689e+03 1.399737443968428474e-01 1.418355604773705037e-01
1.064080868330224348e+03 1.330486695182874213e-01 1.447589414541693709e-01
1.062990705356316084e+03 1.163694598395269564e-01 1.260885397899025873e-01
1.061900769540875672e+03 1.213098409544648704e-01 1.354318834440093877e-01
1.060811279607134793e+03 9.805618744717245483e-02 1.173873053751110507e-01
1.059722016598753953e+03 7.095870683756680397e-02 8.523011759789200781e-02
1.058633199147956930e+03 7.279136513459769087e-02 8.739861243443675098e-02
1.057544608389698624e+03 4.436687417247561771e-02 5.743928331184546682e-02
1.056456353559223089e+03 3.753411788595509280e-02 4.420996466992391932e-02
1.055368434517524975e+03 3.743395558263851175e-02 3.995375486284462319e-02
1.054280851125670324e+03 4.858929928338950877e-02 5.152431535960588782e-02
1.053193603244816131e+03 3.908269506399070226e-02 4.064121776035510558e-02
1.052106581521084536e+03 4.775122346666355044e-02 4.845472959573356858e-02
1.051020004268698358e+03 4.348298766190489273e-02 4.301550145010592935e-02
1.049933652941535001e+03 5.711003421944246816e-02 5.884570571771205461e-02
1.048847745763125658e+03 3.900896843712126083e-02 4.070537971928433335e-02
1.047762064278312209e+03 4.977164623779453678e-02 5.023595611672634909e-02
1.046676717518376563e+03 3.363087084654531322e-02 3.448966056373158756e-02
1.045591705344994352e+03 4.536091300402875226e-02 4.234359913068894143e-02
1.044507027619914652e+03 4.497530023744311656e-02 4.541399661950284300e-02
1.043422684204964298e+03 4.553404570978938914e-02 4.498919100026809587e-02
1.042338674962055393e+03 3.644280246402303858e-02 3.600262596062065584e-02
1.041254999753170523e+03 4.633230015209993669e-02 4.357321741892498934e-02
1.040171549474592439e+03 4.579665980740285636e-02 4.734006223793468110e-02
1.039088541942637221e+03 3.407870305197172045e-02 3.468236775298764313e-02
1.038005759110554209e+03 1.929422405117012240e-02 1.427451472190564320e-02
1.036923309806394400e+03 5.221120430576839389e-02 4.460057410281963869e-02
1.035841302767907564e+03 5.659632107976930726e-02 5.959356214219334313e-02
1.034759520084148107e+03 3.348214493632048483e-02 3.357353383526176516e-02
1.033678070515603849e+03 2.568554275141976539e-02 2.321366575408731828e-02
1.032596953924856507e+03 3.286182472208765137e-02 2.566019805438179632e-02
1.031516170174565559e+03 4.403346676585614961e-02 4.001231218026481823e-02
1.030435610364847662e+03 4.576494643049980326e-02 4.050400049152818455e-02
1.029355491906289217e+03 5.178641787602025759e-02 5.076312161741822898e-02
1.028275705876623988e+03 3.962137448838820575e-02 3.492147932819909123e-02
1.027196143443763958e+03 6.350375318344800291e-02 6.107848893442772292e-02
1.026117021883379266e+03 5.240081074268038153e-02 5.451776677951702954e-02
1.025038123690954762e+03 4.890545906067395032e-02 4.803892204505800373e-02
1.023959666052313196e+03 5.272189276001820746e-02 5.504074797144766634e-02
1.022881431553064772e+03 4.030334657876921689e-02 4.162279328321450561e-02
1.021803528706605334e+03 3.786026163902236896e-02 3.716081068116343367e-02
1.020725957376347196e+03 4.538379288346927609e-02 4.404809262850068602e-02
1.019648717425769519e+03 4.145487812818654527e-02 4.293147240643559875e-02
1.018571808718438774e+03 3.505562838950079807e-02 2.984398401963143585e-02
1.017495231117990443e+03 7.163760821177667104e-02 7.166747104684703662e-02
1.016418984488144474e+03 5.929417493040819997e-02 6.593700369022489904e-02
1.015342960244641858e+03 4.740435149658134284e-02 5.347960757255327408e-02
1.014267375169851448e+03 3.137694621934103423e-02 3.517384659861846896e-02
1.013192120657261967e+03 3.758111072326847379e-02 3.894617327720889532e-02
1.012117088190025470e+03 3.764006207351378031e-02 4.121014111871150465e-02
1.011042494416360455e+03 2.742285363696181366e-02 2.946865342363663362e-02
1.009968122461055600e+03 2.974867049935922547e-02 2.787056112040520520e-02
1.008894080569207745e+03 5.085984918281991063e-02 5.397343501678970173e-02
1.007820476896551781e+03 2.710388109720149319e-02 3.141769377487468179e-02
1.006747094702269578e+03 2.912320149004504755e-02 2.891499789015815683e-02
1.005674042164597608e+03 3.154014319280251666e-02 3.368098931889564052e-02
1.004601319148062544e+03 2.689709674148799134e-02 2.688366257322083799e-02
1.003528925517277912e+03 3.219454318267506165e-02 3.292271785822389191e-02
1.002456861136928751e+03 2.519237818509745264e-02 2.553564990413177346e-02
1.001385125871771834e+03 2.771192706031780362e-02 2.460769613825194990e-02
1.000313719586652496e+03 4.490537231287036746e-02 4.430722815518699231e-02
9.992426421464814439e+02 4.975658604394567197e-02 5.206735814394563427e-02
9.981717853255406681e+02 4.248073635316909624e-02 4.869065483950846956e-02
9.971013651925708245e+02 2.402314439320546446e-02 2.362356659033658726e-02
9.960312734997385178e+02 5.163098641650190612e-02 5.403947708278235978e-02
9.949614020883013836e+02 4.063351378474952535e-02 4.475593064162997764e-02
9.938919668937080587e+02 5.451104156856084737e-02 6.105497635167056458e-02
9.928227517556204020e+02 3.068649060976236242e-02 3.919136048707164838e-02
9.917539725207103629e+02 2.764659676946445988e-02 3.136757098382859238e-02
9.906854131176809233e+02 2.958773022093727501e-02 3.375546771381100070e-02
9.896171813916082556e+02 4.009134619669671440e-02 4.614612343579842929e-02
9.885493850988568738e+02 2.283887941925422105e-02 3.138307170491290432e-02
9.874818083015386492e+02 7.867378298431870753e-03 1.091358056190908782e-02
9.864145587783548308e+02 1.086715158558557159e-02 1.069724513994916616e-02
9.853476363951788244e+02 2.716468361571722223e-02 2.827297566288552999e-02
9.842810410179577048e+02 2.782874082669359317e-02 3.094609260410668278e-02
9.832148802926409417e+02 2.909769795200609077e-02 3.525738268047395180e-02
9.821489385033457893e+02 -6.081939655103174580e-05 2.383623182623054778e-03
9.810833233183150242e+02 5.447433781354149573e-03 2.432872905701976077e-03
9.800179268902392096e+02 1.706989892528881780e-02 1.169326009786901543e-02
9.789529645346613052e+02 5.712207814689268526e-02 5.904874911036077367e-02
9.778883283823145121e+02 2.911849950095124484e-02 3.522588549674438019e-02
9.768240182996750036e+02 3.620597689356194748e-02 3.719440856292997866e-02
9.757600341532883022e+02 4.082778408383772040e-02 4.767820387806871035e-02
9.746963758097845130e+02 3.553246300024237581e-02 4.162175304541976956e-02
9.736329355547967452e+02 1.822014702983404399e-02 2.429328248750864047e-02
9.725699284392837853e+02 2.262144478280805893e-02 2.344266557622586705e-02
9.715072467269691288e+02 3.015412925620969409e-02 3.490787773775708841e-02
9.704448902847799445e+02 2.718813816121615212e-02 2.957675683334197447e-02
9.693827514867984974e+02 3.327327001098021042e-02 3.683701448030984871e-02
9.683210452079483730e+02 4.796153780323952898e-02 5.335771467824006881e-02
9.672595563515432104e+02 4.136942911936145051e-02 5.214599828139605819e-02
9.661984997045907448e+02 2.829702885295057313e-02 3.619432194859287938e-02
9.651376602585852424e+02 1.654497816677003019e-02 2.417286428164077197e-02
9.640772527126943032e+02 1.542736934042263086e-02 1.751032814468865551e-02
9.630170621465080103e+02 2.961718142858812963e-02 3.446768349476002358e-02
9.619573031714279523e+02 3.637368328827658703e-02 4.180450731557113636e-02
9.608977609550789794e+02 3.960315067022679436e-02 5.029587680460864685e-02
9.598386500211616976e+02 2.044767231061878077e-02 2.954210976645692266e-02
9.587797556252579625e+02 1.138466300043530777e-02 1.774290170055975099e-02
9.577212922034475469e+02 1.741667564274146374e-02 2.300878481340760603e-02
9.566630450991956423e+02 5.798047600130584733e-03 1.079201232137431618e-02
9.556051214536101952e+02 1.666315505294979626e-02 1.882360078687803431e-02
9.545476283202240211e+02 1.579460096939325209e-02 2.142078704378622134e-02
9.534903511742003275e+02 1.734822306562727734e-02 1.907361921532096938e-02
9.524333970911160350e+02 2.492752620745450343e-02 3.109022998180548808e-02
9.513768730590849145e+02 2.527086268840816885e-02 2.934286345493654705e-02
9.503205646848037986e+02 2.204855795119567419e-02 3.169864006713554033e-02
9.492645789784047565e+02 -1.579580780763922832e-05 -1.658655687974857132e-04
9.482089158083456368e+02 3.545104833611062434e-02 4.204006264985209185e-02
9.471536820756273301e+02 1.703953264099195009e-03 5.764988960837906171e-03
9.460986635620839706e+02 1.627311028775593749e-02 1.617179287805765864e-02
9.450439671907038246e+02 3.692409514386209290e-02 4.134825495895013553e-02
9.439895928302398715e+02 3.381615978465413175e-02 4.336596727553954783e-02
9.429356472947289376e+02 4.854845784695388522e-03 9.048212124017547889e-03
9.418819165408522167e+02 1.565758909681877475e-02 1.680161811710488215e-02
9.408285074045974170e+02 3.342753552156874086e-02 3.657169784190641981e-02
9.397754197550101480e+02 3.889780234416671811e-02 4.786538464497482742e-02
9.387227603193065306e+02 1.595844147162026050e-02 1.998125435780922707e-02
9.376703152287266221e+02 4.334777593468266965e-02 5.063604354964298254e-02
9.366181912324025234e+02 2.043316613258361336e-02 2.930444134572415121e-02
9.355663881996704276e+02 2.364752003544712267e-02 2.869424566443890684e-02
9.345150127710622883e+02 1.928065660575109530e-02 2.731255800505448181e-02
9.334638512521016764e+02 1.153201752489815823e-02 1.363888834853593975e-02
9.324130103051971901e+02 3.301918666388069246e-02 4.010612053607867655e-02
9.313625965059611644e+02 1.288082606906515437e-02 1.807280025075597152e-02
9.303123962904375048e+02 2.520976995414322963e-02 3.022070390036298015e-02
9.292625162560892704e+02 1.403605962374565586e-02 1.974447294794197047e-02
9.282129562727665189e+02 1.783824362710265121e-02 2.083171051008197300e-02
9.271638228296468469e+02 1.624511165165709592e-02 2.143309260474552183e-02
9.261149025365519947e+02 1.266388077247979083e-02 1.322754971169220854e-02
9.250663019044758357e+02 3.156298673746521510e-02 3.694054296641120089e-02
9.240181273578577930e+02 1.052268358383692815e-02 1.345372092634744554e-02
9.229701656366739826e+02 1.725524518546603381e-02 1.748208035095756216e-02
9.219226296982023996e+02 2.913856247753690565e-02 2.945629766168162550e-02
9.208753063690878662e+02 5.238715266721644115e-02 5.682421722477941362e-02
9.198283020524331732e+02 5.666618147355355350e-02 6.619819429580532655e-02
9.187817230649642397e+02 4.455640108044620074e-02 5.630984775060417918e-02
9.177353563632182158e+02 1.664832538545799046e-02 2.362253906035673839e-02
9.166894146887166244e+02 2.493630932013053692e-02 2.875798395711866295e-02
9.156436850845002482e+02 3.559154657274161970e-02 4.260572033654726198e-02
9.145983802059118943e+02 2.487413632424168020e-02 3.265012281683378481e-02
9.135532871824228778e+02 1.149929689070766647e-03 2.715870100397105563e-03
9.125086185832685715e+02 2.235452381230153274e-02 2.028802061966961459e-02
9.114642679195644632e+02 5.270980602533471837e-02 5.706596075609056407e-02
9.104201287886610316e+02 5.572308081731972007e-02 6.438406293800491564e-02
9.093764136307628405e+02 4.370762322122465071e-02 5.329422711465231499e-02
9.083329097911105237e+02 3.253817993466613656e-02 4.000377082573587650e-02
9.072898296239787896e+02 2.488465771751945110e-02 2.912531300881725932e-02
9.062470667485240483e+02 4.981501741747973444e-02 5.489278043213145081e-02
9.052046210362074135e+02 5.427015568310888938e-02 6.701355593783563103e-02
9.041624923585684428e+02 2.038740042094247529e-02 2.758651652024538686e-02
9.031205744639025852e+02 1.952810255157744201e-02 2.263245820662587379e-02
9.020790794919643076e+02 4.466021208257472952e-02 4.834185076961124844e-02
9.010379011697316400e+02 4.900024380637497956e-02 6.091377136619670341e-02
8.999970393690193760e+02 9.696475800726384042e-03 1.049123062683594322e-02
8.989564939617267783e+02 6.114588959989006312e-02 6.679976309141508195e-02
8.979162648198162060e+02 4.942476981209564801e-02 5.947146925820528951e-02
8.968763518153212999e+02 4.912902260414199473e-02 5.861699613811866688e-02
8.958367548203495971e+02 2.573988403012013315e-02 3.290651046263484703e-02
8.947975796589768152e+02 4.348380089955836136e-02 4.658535986189765721e-02
8.937586142782689649e+02 7.862625246076865304e-02 9.301628647852376586e-02
8.927199645238407584e+02 2.855817430296309078e-02 4.295534153169772856e-02
8.916816302680834951e+02 -3.269474411843609207e-04 -3.828196185602807501e-04
8.906437172498567634e+02 5.024684938267097445e-02 5.559637847603204897e-02
8.896060135875436572e+02 3.849162499339874033e-02 4.587014796219972268e-02
8.885686250415100176e+02 5.202594071632048178e-02 6.052895592539252190e-02
8.875316572867926652e+02 2.905633032529623960e-02 3.773146866356350687e-02
8.864948985700814319e+02 2.717091437733148984e-02 2.955919909484720429e-02
8.854585603476150482e+02 5.517997649324810072e-02 6.094128814904682667e-02
8.844225366899422625e+02 7.418570114944295080e-02 8.796170379468717937e-02
8.833867217529251548e+02 3.195972379710644573e-02 4.347280921320183233e-02
8.823513268651443013e+02 3.232588936195376905e-02 3.938301816514316184e-02
8.813162461613114829e+02 1.651600936110207696e-02 2.143176581709975784e-02
8.802814795146160805e+02 4.429531194892659396e-02 4.680414482704993440e-02
8.792470267983258054e+02 6.253860696883492554e-02 7.474872833522733240e-02
8.782128878857754444e+02 4.067743850437396946e-02 4.961010489995479333e-02
8.771790626503736803e+02 3.526838542980516300e-02 4.408470499038639329e-02
8.761455509655917240e+02 3.487401939728533573e-02 4.096096622320028607e-02
8.751123527049815038e+02 3.540110307052662941e-02 4.328863748514411025e-02
8.740794677421573624e+02 3.781988709942067650e-02 4.314875252927955623e-02
8.730468959508054922e+02 4.319242563131506230e-02 5.284944840108238978e-02
8.720147426880768080e+02 2.886894414070560744e-02 3.361079558746359747e-02
8.709827968398157054e+02 4.200280600562837641e-02 4.948989369626257545e-02
8.699511637845166661e+02 4.211496138505967102e-02 4.766258350422370588e-02
8.689199488159786142e+02 6.031670523670663864e-02 7.340938317396600299e-02
8.678890463460699038e+02 1.402084211896782728e-02 2.031169327056554438e-02
8.668583508714133359e+02 3.332084985437608338e-02 3.797162861190886418e-02
8.658280730423754221e+02 3.154761684876612737e-02 3.778407487775044260e-02
8.647981073345625873e+02 3.438966816426090867e-02 3.920793238363872585e-02
8.637684536223138139e+02 3.915953969348405506e-02 4.514711982188753664e-02
8.627391117800412985e+02 4.881046753855378117e-02 5.576534105926053697e-02
8.617100816822272691e+02 5.126801866885728753e-02 6.266026086666401373e-02
8.606813632034208013e+02 1.922211574918875066e-02 2.540924381470427082e-02
8.596529562182402060e+02 3.204481768087225069e-02 3.682476512735693291e-02
8.586248606013780318e+02 3.133082066686082578e-02 3.737314856467760515e-02
8.575970762275892412e+02 3.455700052287118129e-02 4.077242281874890462e-02
8.565697081380774307e+02 1.011005100341880181e-02 1.238802202122574539e-02
8.555425458539232295e+02 4.934033019596315017e-02 5.036388009529559756e-02
8.545157995617993265e+02 7.248310012443989758e-02 8.779483686392045017e-02
8.534892588671826843e+02 1.202761978813102206e-02 1.599230786992929254e-02
8.524631338726533158e+02 4.713886652287398171e-02 5.371545768040437291e-02
8.514373193291617099e+02 3.256057081736800363e-02 4.023007112711030064e-02
8.504118151119702134e+02 2.379128714999421967e-02 2.815172109875088702e-02
8.493866210964196171e+02 3.822988924897760543e-02 4.244675475542338677e-02
8.483617371579177870e+02 4.640460361436241077e-02 5.663045778277344539e-02
8.473371631719352308e+02 1.163247432724846819e-02 1.441246615231303943e-02
8.463128990140187398e+02 4.064185530012105751e-02 4.654679434317864767e-02
8.452890494949159574e+02 1.960299973360957182e-02 2.372226182591581287e-02
8.442654045990650502e+02 4.045284320376357767e-02 4.586839109000986209e-02
8.432421740515397914e+02 2.000846450751514460e-02 2.583182597809116979e-02
8.422191479207931479e+02 1.943622446088397182e-02 2.071585405675519659e-02
8.411965358481854764e+02 3.239690862884561651e-02 3.683641338365149093e-02
8.401742328164978062e+02 2.900258798372661040e-02 3.303376553393108650e-02
8.391522387017754454e+02 2.624680157056236141e-02 3.052131133973058283e-02
8.381305533801375987e+02 1.668152307326163653e-02 1.850329086375726226e-02
8.371091767277747522e+02 2.655388520232430938e-02 2.714543497525034876e-02
8.360881086209360546e+02 4.483795056794874501e-02 5.032827483824724168e-02
8.350673489359510313e+02 2.380871373615651987e-02 2.646204952479900771e-02
8.340468975492074151e+02 4.677981621554451463e-02 5.150058214586706457e-02
8.330268590212301660e+02 2.802599777819343718e-02 3.333445526636572703e-02
8.320070238395531987e+02 3.503431775915874513e-02 3.742005162846763489e-02
8.309876012280495843e+02 4.043639682380548162e-02 4.711349135028694568e-02
8.299684863793455634e+02 3.485505322877183176e-02 3.869957832002143827e-02
8.289496791701977827e+02 3.725606892593093245e-02 4.544393114733952244e-02
8.279311794774321243e+02 3.928408578539765994e-03 3.375883127978242249e-03
8.269129871779439327e+02 4.330315096580328316e-02 4.717144891827936004e-02
8.258951021486936952e+02 2.419527884580752186e-02 2.832326096909141416e-02
8.248775242667068142e+02 3.070600201169025600e-02 3.320333960613800622e-02
8.238603579056587023e+02 2.795665249485450310e-02 3.156250255184523540e-02
8.228433939287747307e+02 3.494081225252912426e-02 3.764561826062345212e-02
8.218268411856613511e+02 3.701888008343505454e-02 4.318163665646328198e-02
8.208105950570712821e+02 1.757868287507498295e-02 1.895526468349060731e-02
8.197946554203963387e+02 3.599571801532105986e-02 3.896020956253903877e-02
8.187790221531000725e+02 3.618010144562264219e-02 4.048109757117936136e-02
8.177636951327044699e+02 3.223179711416392090e-02 3.615239013688019420e-02
8.167486742368096202e+02 4.005027595183334455e-02 4.351450201678019186e-02
8.157339593430740479e+02 5.562506870194451614e-02 6.597704804095912146e-02
8.147196546390094909e+02 -1.605005494130229415e-04 2.499444232161815351e-03
8.137055513621378395e+02 2.719169347601889386e-02 2.774303567506296656e-02
8.126918579891935224e+02 3.213161516571505505e-02 3.766242662585812112e-02
8.116784700883464438e+02 2.597756981954513211e-02 2.873596484404521839e-02
8.106653875376260885e+02 2.198006094763389762e-02 2.637519116024169413e-02
8.096526102151181021e+02 1.778774089336745967e-02 1.796317362661142142e-02
8.086401379989865745e+02 3.361927834058311970e-02 3.908407396251299681e-02
8.076280749324247381e+02 7.544135815006305923e-03 7.416746142911110132e-03
8.066162125431263803e+02 3.126324616807447943e-02 3.441208436339236731e-02
8.056047590187620244e+02 6.004621782576310962e-03 5.985129543930386466e-03
8.045935059697653742e+02 2.410086258797389247e-02 2.274532473941373242e-02
8.035826615013686478e+02 4.297532489330530003e-02 4.576272362553537865e-02
8.025721213684739723e+02 4.968419081094901935e-02 5.478054757000615921e-02
8.015618854497331540e+02 5.430334636464621834e-02 6.262412544703607753e-02
8.005519536238674618e+02 2.556872319401534699e-02 3.311603103598454584e-02
7.995424297696486065e+02 5.577555441528367353e-03 5.036800280701005973e-03
7.985331057453610129e+02 4.046877497579229321e-02 4.544473348534107393e-02
7.975241894093358042e+02 1.469227319543965626e-02 1.781216895582503346e-02
7.965155766405948725e+02 2.308698074192737371e-02 2.556181272152350040e-02
7.955072673182083918e+02 9.414338924462528624e-03 1.046079886990894554e-02
7.944992613213180448e+02 2.183822208377315943e-02 2.209672747571645932e-02
7.934915585291352045e+02 2.120806798917700131e-02 2.303152550530250531e-02
7.924841588209294514e+02 1.841209381129392531e-02 1.768774226815944886e-02
7.914771659116000819e+02 3.493481558200280113e-02 3.537679468747411543e-02
7.904703719889203057e+02 5.731123651289973808e-02 6.260159074219937003e-02
7.894639845829813112e+02 4.618501842342349895e-02 5.237596551280379598e-02
7.884578997377858514e+02 5.642729823238115672e-02 6.453746955439160216e-02
7.874521173329654857e+02 2.213269037825194019e-02 2.929557013002702728e-02
7.864466372482152110e+02 1.544183746663832513e-02 1.457502481037699187e-02
7.854414593632969854e+02 5.500163016335626875e-02 6.308744095660989704e-02
7.844366872501555008e+02 1.317658317603014051e-02 1.664916929417334379e-02
7.834322170556539504e+02 2.555798157961779171e-02 2.746624016602903715e-02
7.824279450085537064e+02 2.441314699606486616e-02 2.617452778201537211e-02
7.814240783117834326e+02 5.244245539731029471e-02 5.726853284927243409e-02
7.804205131737890042e+02 3.516550118118388912e-02 4.314535274414497967e-02
7.794173530646761492e+02 1.376855148710469379e-02 1.327235206441875273e-02
7.784143906644263780e+02 4.723244088215961672e-02 5.217172339113514135e-02
7.774118330128071648e+02 3.595770943974559153e-02 3.918961598168733268e-02
7.764094728715856490e+02 6.135259976120382291e-02 6.903789700413379138e-02
7.754075171990319859e+02 4.290617201007364961e-02 4.983227447580258068e-02
7.744058623265769938e+02 5.898597072446146866e-02 6.793276044326118646e-02
7.734045081348199346e+02 3.215588078188061361e-02 4.118318098992896498e-02
7.724035579516212238e+02 1.410865792173383870e-02 1.514423408925054393e-02
7.714028047429533217e+02 5.993724278141510792e-02 6.663841002173263861e-02
7.704024552636768703e+02 4.682322320464483989e-02 5.828371271735349052e-02
7.694024059474742216e+02 1.221722428765530111e-02 1.417402878504995210e-02
7.684026566752932013e+02 4.953615102945332221e-02 5.690984935073541834e-02
7.674032073281449584e+02 2.382513371294518734e-02 2.853290338318561353e-02
7.664040577871119240e+02 4.559538541222964148e-02 5.271961042276823023e-02
7.654053112382324571e+02 1.192054295926359142e-02 1.472577611036884025e-02
7.644067609326285719e+02 5.918668385819935568e-02 6.439391754220234743e-02
7.634086133410825141e+02 4.718449881772452531e-02 6.003911174111214305e-02
7.624107650400658258e+02 -2.239262649239570635e-04 -4.187106235714268968e-04
7.614132159110059774e+02 4.156107911258240251e-02 4.517718446952725952e-02
7.604160690388933972e+02 4.820147038418216845e-02 5.469278406489310601e-02
7.594191178780340579e+02 4.955378923810473818e-02 5.738971908633806740e-02
7.584225686968092077e+02 3.997864471313299778e-02 4.715141572392959890e-02
7.574263181734362433e+02 3.996799661021810390e-02 4.528666863853832159e-02
7.564303661896851736e+02 6.063775876069746329e-02 7.083155353883972827e-02
7.554347126273994490e+02 2.839195968055324704e-02 3.553205575704217883e-02
7.544393573684815237e+02 4.013278017677764792e-02 4.569291014534217904e-02
7.534444033568022405e+02 3.701167471764744976e-02 4.425387346289969687e-02
7.524497473721035021e+02 3.896592724860078322e-02 4.364161256697473429e-02
7.514553892965067234e+02 5.997770473995663737e-02 6.934389769745119558e-02
7.504613290122024409e+02 5.625185947468930303e-02 6.777670799719262562e-02
7.494675664014355334e+02 2.273414076799638861e-02 3.060690639236981689e-02
7.484742043075342508e+02 2.157777489959640527e-02 2.424880108914404322e-02
7.474810366707050662e+02 4.939214771615497296e-02 5.725028870998555286e-02
7.464882692752739786e+02 3.551067160038511722e-02 4.319375202632194655e-02
7.454957990427600407e+02 2.778719796675496734e-02 3.299257596909248302e-02
7.445036258557613564e+02 3.279276606759906620e-02 3.822827699572248911e-02
7.435118524572636716e+02 3.411563519683676049e-02 3.921088084174328275e-02
7.425202729892237130e+02 3.705945980905403503e-02 4.377887292778623318e-02
7.415290930349889322e+02 1.944189413877762951e-02 2.089801746251771300e-02
7.405382096171107378e+02 6.697344997229984220e-02 7.454580847630822016e-02
7.395476226185237465e+02 4.882946502286705098e-02 5.873806462286901980e-02
7.385574346820892515e+02 4.664595030359616756e-02 5.455022919565741257e-02
7.375674401510898406e+02 2.692134259219243486e-02 3.347534724389000099e-02
7.365778444083171053e+02 3.659457812851868441e-02 4.016946624495858209e-02
7.355885445771295963e+02 5.890435618264002610e-02 6.832255815952403832e-02
7.345995405408128818e+02 4.747533095537229131e-02 5.805190606575185569e-02
7.336109348423042320e+02 6.045441470600015910e-03 8.893284309851411454e-03
7.326225220257972524e+02 4.387821417258339074e-02 4.862228679456912644e-02
7.316345072739378566e+02 1.574588277020466665e-02 1.997665012838354542e-02
7.306467878106918761e+02 4.668084561541376021e-02 4.837787037082666441e-02
7.296593635196832111e+02 6.074687243466721231e-02 7.288774252238403029e-02
7.286722342845965841e+02 2.934903968822363818e-02 3.177865058576966051e-02
7.276855025287383114e+02 6.550654783752585253e-02 7.707260859511960716e-02
7.266990655564070494e+02 2.163099108682302318e-02 2.661459020890296484e-02
7.257129232515020476e+02 2.371210092105890954e-02 2.708867138218193013e-02
7.247270754979876983e+02 3.976867062529655661e-02 4.262842264726377645e-02
7.237415221798869425e+02 4.295232545993133561e-02 5.055466648550432235e-02
7.227563656210436420e+02 3.499345483475399532e-02 3.540508948342630663e-02
7.217715032259820873e+02 9.140157033336594739e-02 1.066912373977222522e-01
7.207869348789379274e+02 1.032359312736362555e-02 1.429325692188172618e-02
7.198026604642200255e+02 4.116682437957539659e-02 4.645856613690806797e-02
7.188187822262459576e+02 1.142723964988999474e-02 1.169011875139427600e-02
7.178350953094170563e+02 6.071055929757611380e-02 6.496684613129899422e-02
7.168518042984634349e+02 5.384761581539272007e-02 6.236899702011857588e-02
7.158688067178961774e+02 4.194391576888083228e-02 4.615516122957471351e-02
7.148862047328578910e+02 6.283774754237386739e-02 6.987636325893309408e-02
7.139037936471733019e+02 7.004548731169006615e-02 8.197759503556466265e-02
7.129217778867606512e+02 2.674639521421175170e-02 3.232209565097900889e-02
7.119400550559631711e+02 3.885001443672810029e-02 4.293865716302446012e-02
7.109586250396969263e+02 4.024790967539322584e-02 4.439719776185304528e-02
7.099774877229345975e+02 6.686310455481717097e-02 7.455929186395743313e-02
7.089967451521270050e+02 5.505343711188116773e-02 6.498505811930746501e-02
7.080162950113210627e+02 4.154047675735042522e-02 4.767466906650515840e-02
7.070361371856997721e+02 4.105146694830103665e-02 4.790946180076285921e-02
7.060562715605133235e+02 3.404657559328218980e-02 3.824635012161294728e-02
7.050768001032564598e+02 4.308688614604586770e-02 4.963946485791038282e-02
7.040976205775415337e+02 2.063221173207920034e-02 2.303074305472119568e-02
7.031187328688267826e+02 4.043921016121710538e-02 4.407444126402821488e-02
7.021401368626314934e+02 2.303158099638599743e-02 2.581698153131363818e-02
7.011618324445373673e+02 3.664755407185082275e-02 3.626524412575674733e-02
7.001839214835245002e+02 7.455304296633459560e-02 8.548074320825320427e-02
6.992063018424723850e+02 -2.675822131428945427e-04 -2.587417327871509949e-04
6.982289734071712246e+02 3.229614349616798108e-02 2.933009199677523438e-02
6.972520379876007155e+02 7.901739099124426013e-02 8.647028320952401814e-02
6.962752916016972904e+02 6.255502472128073033e-02 7.111634004460923308e-02
6.952989379639911931e+02 4.383969385936175439e-02 4.917408163883241895e-02
6.943228750364168036e+02 4.480505116068385363e-02 4.884611111498948777e-02
6.933472045503970094e+02 5.611964955497297791e-02 6.307868052805297443e-02
6.923717226818234849e+02 1.926390204573033560e-02 2.194057440219816801e-02
6.913966329878803663e+02 2.099789874341854989e-02 1.729694788385644638e-02
6.904218335095904422e+02 6.866487636755397306e-02 7.356548537621476758e-02
6.894474258999561016e+02 4.932775587792301297e-02 5.240182584566994289e-02
6.884732064925641453e+02 7.780636187677462956e-02 8.342395457257797964e-02
6.874993786875044179e+02 8.980392609989723551e-02 1.012638951981589125e-01
6.865258406047684048e+02 7.082849500240896712e-02 8.121597468150576482e-02
6.855525921310203330e+02 5.723702187719606482e-02 6.599061617272297675e-02
6.845797348214023259e+02 3.895936816311831169e-02 4.464406487508842253e-02
6.836071668550515597e+02 3.563594873714212574e-02 3.864769158642433755e-02
6.826348881188359883e+02 3.881649253959017914e-02 4.228257735852715415e-02
6.816628984996839336e+02 3.723073848313051409e-02 3.853244581488628195e-02
6.806912994746058985e+02 5.660586785829373191e-02 6.143790670688259459e-02
6.797198877310332819e+02 4.358390699506646537e-02 4.663505508448761300e-02
6.787488663165556773e+02 5.827956991171288903e-02 6.256761525333667806e-02
6.777782350596544347e+02 5.821191119446049445e-02 6.389012397958236666e-02
