3.306959878666341865e+03 5.198179152350824728e-01
3.305551570116924267e+03 5.557007048748627831e-01
3.304143735091741291e+03 5.862166309545768783e-01
3.302736050737127698e+03 3.967415432045992008e-01
3.301328839627737580e+03 5.909177193019856666e-01
3.299922101552680488e+03 5.794824615947564705e-01
3.298515675087087857e+03 5.334689481535049849e-01
3.297109560127429177e+03 5.216603504033673344e-01
3.295703917712944076e+03 5.733532825485623263e-01
3.294298586526121198e+03 5.331736179929851271e-01
3.292893566463606476e+03 5.232763210412603172e-01
3.291489018457821203e+03 4.887702305257765611e-01
3.290084942298582064e+03 4.874532477181270917e-01
3.288681176811380283e+03 5.419053814516254786e-01
3.287277721893107810e+03 5.040319230412615426e-01
3.285874738333980531e+03 5.077334514672373622e-01
3.284472065066554478e+03 5.383176534118935264e-01
3.283069701987906683e+03 3.875219852997290881e-01
3.281667809781707547e+03 5.119358261179545178e-01
3.280266388238496347e+03 4.630260239984075876e-01
3.278865115717947901e+03 5.290164363385915225e-01
3.277464474263863849e+03 4.395857022909036016e-01
3.276063981627140038e+03 4.759183253928806479e-01
3.274663959029664511e+03 5.444350702076822257e-01
3.273264406262479042e+03 4.736601361136827948e-01
3.271865162578684249e+03 4.800295528850048732e-01
3.270466227875902860e+03 4.670243022703832736e-01
3.269067762518972359e+03 3.959632995878184514e-01
3.267669766299351522e+03 5.723734145614499669e-01
3.266271918215904407e+03 4.649408021608133490e-01
3.264874699355564644e+03 4.069463048817652528e-01
3.263477628427191576e+03 4.324665786914485555e-01
3.262081026015315729e+03 4.581366955318095791e-01
3.260684891911881095e+03 5.207648450391360040e-01
3.259289065689434665e+03 4.678504646946856638e-01
3.257893547246142134e+03 4.324539385937199998e-01
3.256498496629111287e+03 5.136180791987910998e-01
3.255103753517102177e+03 4.054653904445706392e-01
3.253709477886767218e+03 4.293230289185245852e-01
3.252315509487630152e+03 4.475203897807508713e-01
3.250922008225937134e+03 3.975610662205229517e-01
3.249528813921919664e+03 4.299814867670126439e-01
3.248135926474165899e+03 3.225624903748056105e-01
3.246743505683393778e+03 4.356824700949740170e-01
3.245351551342666880e+03 3.478420190980034410e-01
3.243959743581773637e+03 3.393201894300373889e-01
3.242568561794636935e+03 4.131805072416036562e-01
3.241177686146403175e+03 4.415832528160756332e-01
3.239787116536036137e+03 4.365376165331283920e-01
3.238396852862537799e+03 3.902987162604893423e-01
3.237007214336841571e+03 4.225405440320659234e-01
3.235617721784869445e+03 2.684554339190258765e-01
3.234228694382599770e+03 4.396111874365368766e-01
3.232840131923990612e+03 3.387448575872127332e-01
3.231451874687542386e+03 3.652828708228949006e-01
3.230063922572627234e+03 3.732337839891302078e-01
3.228676434924153000e+03 3.606766793332018550e-01
3.227289252126025076e+03 3.043046031581626565e-01
3.225902533453230262e+03 4.150040411685489428e-01
3.224516119359902405e+03 2.759567034305082656e-01
3.223130169051151825e+03 3.469040201434857029e-01
3.221744523051283977e+03 3.249730357166782935e-01
3.220359340495597280e+03 2.821595207323562837e-01
3.218974461978506042e+03 2.635187127741928648e-01
3.217590046565550892e+03 3.532753053686750189e-01
3.216205934921203607e+03 3.064902813878448429e-01
3.214822126945497985e+03 3.597406989980605485e-01
3.213438781599412323e+03 1.910169025053114200e-01
3.212055898678413996e+03 3.722287229630708016e-01
3.210673159995780225e+03 2.332714318319281943e-01
3.209291042425255910e+03 3.201214755029019310e-01
3.207909227815146551e+03 3.673872611537437050e-01
3.206527716065852928e+03 3.394599149839621077e-01
3.205146665929629307e+03 2.701837078241322576e-01
3.203765918385536679e+03 2.998231330630518054e-01
3.202385632116359830e+03 2.690125739308636965e-01
3.201005648170924360e+03 3.266575201559076547e-01
3.199626125162603785e+03 3.010608637713515501e-01
3.198246904209938293e+03 3.296946797781279970e-01
3.196868143856930146e+03 3.031562399799863083e-01
3.195489685291780916e+03 2.143356022335264066e-01
3.194111686989188911e+03 2.498359466851310107e-01
3.192733990206952967e+03 2.928427575405023187e-01
3.191356594846122334e+03 2.130532569699189749e-01
3.189979817747241214e+03 2.428501370100681067e-01
3.188603183298284421e+03 1.846880705237158582e-01
3.187227008305288109e+03 1.885534723407157054e-01
3.185851292565615495e+03 1.522153359699150998e-01
3.184475877545558888e+03 2.473997480834348450e-01
3.183100763146529971e+03 2.316614350164743485e-01
3.181726107531971593e+03 2.103378099761488429e-01
3.180351910499646237e+03 2.051286535765285968e-01
3.178978013654578717e+03 2.045037914388255496e-01
3.177604416898418549e+03 1.948596682686765669e-01
3.176231278256627775e+03 1.814661191859643086e-01
3.174858597527366328e+03 1.779155412016499294e-01
3.173486216454177338e+03 2.194788544879878733e-01
3.172114134938944972e+03 1.700329307577915505e-01
3.170742510869364651e+03 2.537135949366837173e-01
3.169371344043995123e+03 2.316941972523655635e-01
3.168000476344678646e+03 1.789672004818533002e-01
3.166629907673545404e+03 1.994510551425490441e-01
3.165259795780721106e+03 2.069385698212009850e-01
3.163889982651622631e+03 1.970686910000706560e-01
3.162520625967675642e+03 8.849156244109841751e-02
3.161151725528041425e+03 1.207042433229228856e-01
3.159783123421611890e+03 1.392165648002458567e-01
3.158414819550872380e+03 8.204668724431078697e-02
3.157046971460014902e+03 1.935179889185113244e-01
3.155679578948590006e+03 1.011614263527016722e-01
3.154312484243263953e+03 1.342435746831540655e-01
3.152945687246759007e+03 1.366515879895226770e-01
3.151579345366231337e+03 1.486125933645651431e-01
3.150213458401633488e+03 1.687520380691135413e-01
3.148847868717182791e+03 8.668269574653326981e-02
3.147482576215838890e+03 1.019729009232779871e-01
3.146117738167943116e+03 -9.228495208173332492e-03
3.144753354373832281e+03 9.345287289462682334e-02
3.143389267335077875e+03 6.354708496323220601e-02
3.142025476954872374e+03 4.200796543116643023e-02
3.140662140366941912e+03 1.628498929051848398e-01
3.139299257372025295e+03 1.670942972373920810e-01
3.137936670608821714e+03 2.068834462014054187e-01
3.136574537108759159e+03 1.461236031290058524e-02
3.135212699579025866e+03 7.155032660347125650e-02
3.133851157923171286e+03 1.818568676087118363e-01
3.132490226096017068e+03 2.284956855375200671e-02
3.131129432822022864e+03 1.278143256220206081e-01
3.129769092022061159e+03 1.373069905550028114e-01
3.128409203497651561e+03 4.366066653783789303e-02
3.127049610161128385e+03 8.457806574593218496e-02
3.125690468771637825e+03 9.800256771258278321e-02
3.124331779131017811e+03 6.209402507797120302e-02
3.122973227466814024e+03 8.545696059367351161e-02
3.121615284044718919e+03 6.706922769287945729e-02
3.120257635126453351e+03 1.398252452576550023e-02
3.118900280616228883e+03 2.319123604146045015e-02
3.117543377069533562e+03 9.095694414615439205e-02
3.116186767671490998e+03 8.032082462014659974e-02
3.114830608909810508e+03 5.715712829194696115e-02
3.113474900587106276e+03 1.790250815198979051e-01
3.112119485990598150e+03 5.974132730180007483e-02
3.110764521506445817e+03 1.568050425878434184e-01
3.109409850489848850e+03 2.570577044104285225e-01
3.108055472845481290e+03 -5.303102634921721828e-04
3.106701701237996986e+03 1.581146493447279089e-01
3.105348066330662277e+03 1.764510566131220481e-01
3.103995037066712484e+03 1.572954861315394859e-01
3.102642144312674191e+03 6.670775891591708417e-02
3.101289856808904460e+03 7.194511391578589654e-02
3.099937861835886451e+03 1.085733157704157348e-01
3.098586159298709845e+03 7.672650883858909976e-02
3.097234905245797563e+03 2.080462902426967187e-01
3.095883943371499299e+03 1.905901554102344408e-01
3.094533429656846238e+03 1.910857006957878967e-01
3.093183363905922761e+03 2.561224273634243875e-01
3.091833589914587265e+03 2.344455766095372429e-01
3.090484263562902470e+03 1.855507680344197774e-01
3.089135228714319965e+03 2.251981992815327571e-01
3.087786641181641244e+03 2.859364241116719718e-01
3.086438344895861064e+03 2.356594288647053115e-01
3.085090495602569263e+03 2.718653348469075581e-01
3.083742937300250560e+03 3.504890078784967389e-01
3.082395825667340887e+03 2.812435206790523390e-01
3.081049160508807745e+03 2.050027519355585304e-01
3.079702785924278487e+03 3.487507967706551248e-01
3.078356857491577557e+03 3.109341936032841702e-01
3.077011219377691759e+03 1.768468464383089744e-01
3.075666027093418506e+03 3.026882710098092732e-01
3.074321124873051303e+03 2.809151106967785472e-01
3.072976668160405097e+03 1.526111070986449214e-01
3.071632501257029617e+03 3.695798055882507649e-01
3.070288779539825100e+03 4.205181212425109227e-01
3.068945347377528378e+03 3.436905884457693294e-01
3.067602515483792558e+03 3.523940990130758899e-01
3.066259817453797041e+03 5.086099825451596557e-01
3.064917563967856040e+03 3.621759329236348690e-01
3.063575754832193979e+03 4.459206798324468202e-01
3.062234234583345824e+03 3.856579436554945506e-01
3.060893158364406190e+03 4.927903468272475385e-01
3.059552525981903273e+03 4.575632033301116897e-01
3.058212182072898486e+03 4.810134444817304455e-01
3.056872126544294588e+03 4.532389133060722441e-01
3.055532514405856546e+03 5.279558048281890459e-01
3.054193345464494996e+03 4.836837388944165705e-01
3.052854464491094404e+03 4.516891382359167761e-01
3.051516026395584959e+03 4.932496010330247871e-01
3.050178030985172427e+03 5.001695656575549931e-01
3.048840323131001696e+03 4.528718201966584478e-01
3.047502902740375703e+03 5.501242140297137873e-01
3.046165924590262421e+03 5.007458641772219998e-01
3.044829388488244604e+03 5.374900677101805968e-01
3.043493139438925482e+03 5.879367637463822627e-01
3.042157332119697003e+03 5.968245414622562750e-01
3.040821966338448419e+03 5.714458327140744531e-01
3.039486887199756438e+03 6.257565699862247532e-01
3.038152094611340090e+03 5.462944185500531180e-01
3.036817743117985628e+03 5.667431972707449583e-01
3.035483832527956565e+03 6.537715527115253167e-01
3.034150208078931882e+03 6.338525099004503893e-01
3.032817024216398295e+03 6.102588981497357734e-01
3.031484280748922174e+03 6.439384728084484033e-01
3.030151823013884041e+03 6.137412212415025436e-01
3.028819805357594305e+03 6.753870368694165904e-01
3.027488073183827510e+03 6.241234027490560887e-01
3.026156780772813818e+03 6.813819723803873352e-01
3.024825773594677230e+03 6.562762805922350839e-01
3.023495205863625870e+03 6.095848732195657815e-01
3.022165077388903228e+03 6.826918501467043043e-01
3.020835233740058811e+03 6.892385197177623990e-01
3.019505674825620645e+03 6.738811435982816622e-01
3.018176708901674374e+03 7.399526717455060520e-01
3.016848027397310034e+03 6.981854901270401204e-01
3.015519630221227089e+03 7.108575287840249723e-01
3.014191671356989900e+03 6.968816977577708682e-01
3.012864150614504979e+03 6.843293618093644337e-01
3.011536913794870543e+03 7.196531190657249333e-01
3.010210114783003519e+03 7.064271998937275976e-01
3.008883753389106005e+03 7.109624684031953246e-01
3.007557675513326103e+03 7.500462867088627528e-01
3.006232034942046539e+03 7.275671857381484919e-01
3.004906677641367878e+03 7.923789886146128669e-01
3.003581757332037341e+03 7.385432998835292917e-01
3.002257120046059754e+03 7.364026046770684175e-01
3.000932919438599129e+03 7.314222511629848711e-01
2.999609155320524678e+03 7.396260693592681124e-01
2.998285673822618719e+03 7.803822754412031992e-01
2.996962628501781637e+03 7.879163074103572306e-01
2.995640019169180050e+03 7.482850493113607504e-01
2.994317692054260988e+03 7.925092850672945666e-01
2.992995800615771714e+03 7.829907153422043242e-01
2.991674191148852969e+03 7.970696132208606732e-01
2.990353017046879359e+03 8.065712724143219159e-01
2.989032278121496802e+03 8.365095169822021060e-01
2.987711820766311121e+03 8.125505602108666903e-01
2.986391644891291890e+03 8.222537340924673810e-01
2.985072057111960476e+03 8.338646317684136333e-01
2.983752750502137587e+03 8.587987716825776774e-01
2.982433724971959691e+03 8.702413121470556900e-01
2.981115286941168961e+03 8.731183253875712813e-01
2.979796976457734672e+03 8.748616890701131910e-01
2.978479253098412755e+03 8.970553452002720807e-01
2.977161810264036831e+03 9.117174259558993299e-01
2.975844800989350460e+03 9.038647203455743018e-01
2.974528071995334813e+03 9.335137408695668437e-01
2.973211776251681840e+03 9.390139112124021858e-01
2.971895760544688983e+03 9.462613439778410074e-01
2.970580330773095739e+03 9.446162512475131390e-01
2.969265027767823085e+03 9.515003408005368035e-01
2.967950310324210932e+03 9.845513135121417569e-01
2.966635872365009163e+03 9.741350747352800488e-01
2.965321713801108217e+03 1.000141016691372675e+00
2.964008140206454300e+03 1.024554365922940358e+00
2.962694845699104917e+03 1.006797971614075138e+00
2.961381830190118762e+03 1.039458770397151621e+00
2.960069246324742380e+03 1.061875706150785081e+00
2.958757093916809481e+03 1.066199391879417924e+00
2.957445220110976607e+03 1.122669340992089371e+00
2.956133777455407198e+03 1.156347765610937994e+00
2.954822765764222822e+03 1.176407501249838505e+00
2.953512032279556479e+03 1.190594872187864528e+00
2.952201729452599920e+03 1.253454440456907903e+00
2.950891857097766660e+03 1.253074613828404571e+00
2.949582262554543831e+03 1.304748317026562576e+00
2.948273098177267002e+03 1.291690955671764840e+00
2.946964211370248904e+03 1.312907823486098247e+00
2.945655754423310555e+03 1.284357830156097613e+00
2.944347727151335221e+03 1.287946963235364617e+00
2.943040129369323495e+03 1.254838416143210233e+00
2.941732808611121527e+03 1.229953231893750498e+00
2.940425764788704782e+03 1.174587999357880941e+00
2.939119302247596352e+03 1.150614997021619068e+00
2.937813116337406427e+03 1.086169648783681829e+00
2.936507206970286461e+03 1.057450952536385547e+00
2.935201726178521312e+03 1.016215712490691869e+00
2.933896673777750038e+03 9.774040078724227643e-01
2.932592049583729022e+03 9.356056065956815937e-01
2.931287701388738242e+03 9.164432273856025768e-01
2.929983781096620987e+03 8.700835707654123174e-01
2.928680136564138593e+03 8.585984812049997084e-01
2.927376919630965858e+03 8.316893983596459483e-01
2.926074130113315732e+03 8.213148049146915541e-01
2.924771615964581997e+03 8.252270961165950602e-01
2.923469528928301315e+03 8.164690667323798445e-01
2.922167868820977674e+03 8.192220077218511642e-01
2.920866635459215559e+03 8.282431496954058003e-01
2.919565676925081334e+03 8.384136479558560451e-01
2.918264993131520441e+03 8.633523828781816123e-01
2.916964735662083058e+03 8.651927285774352328e-01
2.915664904333736558e+03 8.926179162474129347e-01
2.914365498963543359e+03 8.978242777437563937e-01
2.913066367794109738e+03 9.256861659225629202e-01
2.911767662281247794e+03 9.452073713940820632e-01
2.910469382242312804e+03 9.502510655381972704e-01
2.909171376016077375e+03 9.577389973707950421e-01
2.907873794962675674e+03 9.718802010960450044e-01
2.906576638899741738e+03 9.640306694535057952e-01
2.905279756262118099e+03 9.801798598336560753e-01
2.903983298314356944e+03 9.661525142462217275e-01
2.902687113555271935e+03 9.622528778712524655e-01
2.901391504472991528e+03 9.543538194101662819e-01
2.900096168279272206e+03 9.660446476073076827e-01
2.898801104887903875e+03 9.560705468650171346e-01
2.897506465404404025e+03 9.763056091741005860e-01
2.896212249647145200e+03 9.831501949402893237e-01
2.894918457434613629e+03 1.004250349190992431e+00
2.893624937489159038e+03 1.034761253598428077e+00
2.892331840789294802e+03 1.093970560841426964e+00
2.891039167153791368e+03 1.153761256731285156e+00
2.889746765400603181e+03 1.243126520464648666e+00
2.888454786413128204e+03 1.318333566917122335e+00
2.887163079072986875e+03 1.376433285775076287e+00
2.885871945105908708e+03 1.343209133430913527e+00
2.884581082488004540e+03 1.245971352947482513e+00
2.883290491133740943e+03 1.097430151935664400e+00
2.882000472578813969e+03 9.407561397884411925e-01
2.880710724989849041e+03 7.871145720976565618e-01
2.879421248281486896e+03 6.905646304671499980e-01
2.878132343799605678e+03 6.233697451319336613e-01
2.876843709901134844e+03 6.118203964448691856e-01
2.875555346500873384e+03 6.137666873360110298e-01
2.874267554755117089e+03 6.364422829219896771e-01
2.872980033210867532e+03 6.549083833375782815e-01
2.871692932340629795e+03 6.940868496142740263e-01
2.870406101438708902e+03 7.312005803344882038e-01
2.869119690914580588e+03 7.866460597398282628e-01
2.867833700588681950e+03 8.279455964394902834e-01
2.866548130281566500e+03 8.959335234439487206e-01
2.865262829414099542e+03 9.380061961744111665e-01
2.863977948269857734e+03 1.013990025064337663e+00
2.862693336332893978e+03 1.071766315543502879e+00
2.861409143823890645e+03 1.146297814529599668e+00
2.860125370563845991e+03 1.207921155320852646e+00
2.858842016373863771e+03 1.296277501832121093e+00
2.857558930864261583e+03 1.363395670654439895e+00
2.856276264130126947e+03 1.462957703967497913e+00
2.854994015992831464e+03 1.521312834044057816e+00
2.853712186273867701e+03 1.589158765002978591e+00
2.852430624709614676e+03 1.608852691624400810e+00
2.851149481269751050e+03 1.603295504124800486e+00
2.849868605753599695e+03 1.519388007360062520e+00
2.848588148068194641e+03 1.410312454502016255e+00
2.847308108035468649e+03 1.233410841164147786e+00
2.846028485477458617e+03 1.061966833648779085e+00
2.844749130319246433e+03 8.419345350644135140e-01
2.843470192342766040e+03 6.658858378391556698e-01
2.842191671370323547e+03 4.862347702285482187e-01
2.840913417421189479e+03 3.558072798009981330e-01
2.839635729955461102e+03 2.276258887235310391e-01
2.838358159480101676e+03 1.538243710256413932e-01
2.837081155133420907e+03 8.728615161182891324e-02
2.835804417288226432e+03 5.120133164314565055e-02
2.834528095507983835e+03 1.509921772014818052e-02
2.833252189615655425e+03 5.149099269569747464e-03
2.831976549849844560e+03 -4.989692741476869052e-03
2.830701325680564423e+03 -1.013893601967906857e-02
2.829426516931052902e+03 -4.861368465680606515e-03
2.828152123424650654e+03 6.603122497247169986e-03
2.826877995525023380e+03 8.611192009496285529e-05
2.825604282577774029e+03 1.701437193721105565e-02
2.824330984406520201e+03 1.987868088511946657e-02
2.823057951468581450e+03 3.608782629445574791e-02
2.821785333016375716e+03 3.394149887551056732e-02
2.820513128873787082e+03 5.299111142010474312e-02
2.819241189591689363e+03 5.556454326115552178e-02
2.817969813571463419e+03 7.416317802857085029e-02
2.816698702122119812e+03 7.034317939505560502e-02
2.815427855161084153e+03 7.962716649460779839e-02
2.814157570903634223e+03 8.617903213660980943e-02
2.812887550845352507e+03 1.086976501308258153e-01
2.811617943990710955e+03 9.809593600088174770e-02
2.810348601108441926e+03 1.220630026690968373e-01
2.809079820166051377e+03 1.057744786388459673e-01
2.807811302907544359e+03 1.274566862133890977e-01
2.806543198213712003e+03 1.198629664049602334e-01
2.805275356977518186e+03 1.467228025679027104e-01
2.804007928017971608e+03 1.397407882665734069e-01
2.802740911160242831e+03 1.626603435757160432e-01
2.801474306229601552e+03 1.443251684914421407e-01
2.800207964243043079e+03 1.613669534112428805e-01
2.798942182673687512e+03 1.566764813518304322e-01
2.797676515014576125e+03 1.710965759579755607e-01
2.796411407423853689e+03 1.593815126700230678e-01
2.795146562264837485e+03 1.772617960335374776e-01
2.793882128109966743e+03 1.797600149623279353e-01
2.792618104785152809e+03 1.927856851620697032e-01
2.791354492116405709e+03 1.868340475114040056e-01
2.790091141368178342e+03 1.905792207531744886e-01
2.788828200989915786e+03 2.000053125793019859e-01
2.787565670807899096e+03 1.934769368270924106e-01
2.786303402179163186e+03 2.028221805996628935e-01
2.785041691899625675e+03 2.157235688473677915e-01
2.783780242887904933e+03 2.162154283041355929e-01
2.782519055062860389e+03 2.049204757545411704e-01
2.781258425036219251e+03 2.092844789675778749e-01
2.779998055911245501e+03 2.281000807198834968e-01
2.778738095891989360e+03 2.191625887579144172e-01
2.777478544805464935e+03 2.249157844482125856e-01
2.776219254255088345e+03 2.185627746409114502e-01
2.774960520546120279e+03 2.341019289379533963e-01
2.773702047089109328e+03 2.366870441238554668e-01
2.772443833803346934e+03 2.308197591091677991e-01
2.771186176810500001e+03 2.287152233540506452e-01
2.769928779705163834e+03 2.456841103962376371e-01
2.768671790446771865e+03 2.511079057333298614e-01
2.767415208863070347e+03 2.438135901838017205e-01
2.766158886803066707e+03 2.376029608476459554e-01
2.764902972134646916e+03 2.501644117371368270e-01
2.763647464685819159e+03 2.556267015192818515e-01
2.762392364284696214e+03 2.478533458181083338e-01
2.761137670759482717e+03 2.514771726497351811e-01
2.759883236112300438e+03 2.694363824091307591e-01
2.758629208058731365e+03 2.468868672973346390e-01
2.757375586427247981e+03 2.585740948468699396e-01
2.756122223311670950e+03 2.547860929268023211e-01
2.754869414040633274e+03 2.509245723453220056e-01
2.753616863003828712e+03 2.539026775866055630e-01
2.752364570121428642e+03 2.535043249132682419e-01
2.751112830539621882e+03 2.599466927020793738e-01
2.749861348830999759e+03 2.658266674899700810e-01
2.748610272468078165e+03 2.684234814585296780e-01
2.747359601280052175e+03 2.715899870726460885e-01
2.746109335096218274e+03 2.685875366096840966e-01
2.744859326284882172e+03 2.811058518485479718e-01
2.743609869628057368e+03 2.975430549743025010e-01
2.742360670063485486e+03 2.984789767056801324e-01
2.741111727511825393e+03 2.942036095864788980e-01
2.739863336573306697e+03 3.093093825500026206e-01
2.738615202367902839e+03 3.241245535194491878e-01
2.737367472095612811e+03 3.296556714283485623e-01
2.736120145586449780e+03 3.399177128073983534e-01
2.734873222670526502e+03 3.699206845467485349e-01
2.733626555989651933e+03 3.815299807867137405e-01
2.732380292623014157e+03 3.808264010877547845e-01
2.731134432400986498e+03 4.006835687179726158e-01
2.729888975154040509e+03 3.927688489673666350e-01
2.728643773645218516e+03 4.221474933250685679e-01
2.727398974833093689e+03 4.339515091090341836e-01
2.726154725555551522e+03 4.257977145940653463e-01
2.724910584621948601e+03 4.420187105061068045e-01
2.723666992884682713e+03 4.426670351024311056e-01
2.722423656250922704e+03 4.428607251581048176e-01
2.721180868415317946e+03 4.229914222611538266e-01
2.719938188549340339e+03 4.299577172386015445e-01
2.718696057143988583e+03 4.095432344924408996e-01
2.717454327144065246e+03 4.042441979696408394e-01
2.716212851614874126e+03 3.866296602853599995e-01
2.714971777214307622e+03 3.860998409863156677e-01
2.713731103773998257e+03 3.963254419731533917e-01
2.712490831125683599e+03 3.711339113844338011e-01
2.711250812455223240e+03 3.705876412498194661e-01
2.710011340916512836e+03 3.402890650759691216e-01
2.708772123079625544e+03 3.232194402833656333e-01
2.707533158866680424e+03 3.331554316754892220e-01
2.706294741251743289e+03 3.409147823859040582e-01
2.705056723481156496e+03 3.204837432923538509e-01
2.703818958921257490e+03 2.904338696420815102e-01
2.702581593930465260e+03 2.912326148479754129e-01
2.701344628341310454e+03 2.715356115894795863e-01
2.700107915610205055e+03 2.673557625037867314e-01
2.698871748352245504e+03 2.812125148186058743e-01
2.697635833677697974e+03 2.832254343260710572e-01
2.696400317795681531e+03 2.746622419561197126e-01
2.695165200539177022e+03 2.573877727707976071e-01
2.693930335514492981e+03 2.610566681269991807e-01
2.692696015038221503e+03 2.562587526419173312e-01
2.691461946519905268e+03 2.343494754921329193e-01
2.690228276019664008e+03 2.555346587036362305e-01
2.688995003370933318e+03 2.298539369108280883e-01
2.687762128407240652e+03 2.333238067849004727e-01
2.686529504914369227e+03 2.342408355707230883e-01
2.685297278833447308e+03 2.073216141309983662e-01
2.684065595986559401e+03 2.038079774625528306e-01
2.682834018242687762e+03 2.082455847184835340e-01
2.681602983400706762e+03 2.011123939494430524e-01
2.680372345306386705e+03 2.045849433153920371e-01
2.679141957924553481e+03 1.947811060365830516e-01
2.677911967018230825e+03 1.786845738544173834e-01
2.676682372421746550e+03 1.981558935002013244e-01
2.675453173969514864e+03 1.849227168929035992e-01
2.674224225745474087e+03 1.874763822766258858e-01
2.672995819115056747e+03 1.914307481664386523e-01
2.671767662441445736e+03 1.706952402575560579e-01
2.670539901309988636e+03 1.865026752953092837e-01
2.669312535555548038e+03 1.636885037187888470e-01
2.668085565013080213e+03 1.642015264256982132e-01
2.666858843944843102e+03 1.790294527350696219e-01
2.665632663361166124e+03 1.644916092783365591e-01
2.664406731981267512e+03 1.663555433499597225e-01
2.663181195213244791e+03 1.746944768443101370e-01
2.661955907437990390e+03 1.543084130759229955e-01
2.660731159429552463e+03 1.728784495291379453e-01
2.659506805539459037e+03 1.494562909387298910e-01
2.658282700237473364e+03 1.782638128981492154e-01
2.657058988784308895e+03 1.442725695122517027e-01
2.655835671015799107e+03 1.461639832746215173e-01
2.654612746767874341e+03 1.664622220792968954e-01
2.653390070628601279e+03 1.563691252067720971e-01
2.652167932959488553e+03 1.708331430395932105e-01
2.650946043130256385e+03 1.393675285573660882e-01
2.649724546225145787e+03 1.241783164314660681e-01
2.648503442080525474e+03 1.436275952913172727e-01
2.647282730532858295e+03 1.200950928016543962e-01
2.646062266347315017e+03 1.235191221633535619e-01
2.644842339532716323e+03 1.316886318591845573e-01
2.643622659812389429e+03 1.294660369585405590e-01
2.642403372094530823e+03 1.111671426228762749e-01
2.641184476216043095e+03 9.774669518237000254e-02
2.639965972013919327e+03 8.745711733234282081e-02
2.638747714430000542e+03 1.280415560049687485e-01
2.637529993121275311e+03 1.041575262131716612e-01
2.636312518163824734e+03 1.006875302372814557e-01
2.635095434290223693e+03 1.025410803466779430e-01
2.633878741337902284e+03 1.465723160483845267e-01
2.632662439144379732e+03 1.172072498207253344e-01
2.631446527547275309e+03 1.121737958609488328e-01
2.630230861694014948e+03 9.019931180264957604e-02
2.629015730832194095e+03 9.994478722041794105e-02
2.627800845448359723e+03 8.571904250054540597e-02
2.626586350070747358e+03 1.148282044373173938e-01
2.625372244537398728e+03 1.000803400033995066e-01
2.624158528686456975e+03 9.930973689463430676e-02
2.622945057841105154e+03 1.295067792840100540e-01
2.621732120898930589e+03 1.106209139068148189e-01
2.620519428697394233e+03 8.364441025936561469e-02
2.619307125590025407e+03 1.009044218766922546e-01
2.618095211415394260e+03 8.209063461184246124e-02
2.616883686012160979e+03 8.204194711878223800e-02
2.615672549219083066e+03 9.935787676370858024e-02
2.614461656563853467e+03 1.094289673208076602e-01
2.613251296536807786e+03 1.009038608303282764e-01
2.612041180383723713e+03 7.006474693600693582e-02
2.610831452254848955e+03 7.379613440684038017e-02
2.609622111989370296e+03 9.772824404476494753e-02
2.608413159426560924e+03 8.070598789198955847e-02
2.607204594405794069e+03 8.222654852645376600e-02
2.605996416766530274e+03 8.234429462107144271e-02
2.604788482269480483e+03 8.679656715454103777e-02
2.603581078940962470e+03 6.058275776556656944e-02
2.602373918491990935e+03 7.729877925691447382e-02
2.601167144841208483e+03 7.841663566907508542e-02
2.599960757828498117e+03 8.748396887406895139e-02
2.598754757293843795e+03 6.753592032537451828e-02
2.597548999172208823e+03 6.467708548517860090e-02
2.596343771142885089e+03 7.155584907305337361e-02
2.595138785264809940e+03 1.072152181256818826e-01
2.593934329101789444e+03 7.722065173729031340e-02
2.592730114828567366e+03 9.268548451765791507e-02
2.591526286132919722e+03 8.189215148408467149e-02
2.590322842855436647e+03 7.223778558058725763e-02
2.589119784836794224e+03 6.591726405547067291e-02
2.587916968243659539e+03 7.647226568016662895e-02
2.586714680293924175e+03 7.672008751337920651e-02
2.585512633509132229e+03 6.893785506875296787e-02
2.584310971404397151e+03 5.828914346933219970e-02
2.583109837379700821e+03 5.907786966904506748e-02
2.581908944129694191e+03 3.981047796251653559e-02
2.580708435083332915e+03 4.534347155472691349e-02
2.579508166609394721e+03 4.334572097631054360e-02
2.578308425523268397e+03 5.113470483571709579e-02
2.577109068165170356e+03 4.137685611155438731e-02
2.575909950990338075e+03 5.091084984317573170e-02
2.574711360642024374e+03 4.269001889380891895e-02
2.573513010217932788e+03 4.299441021008952590e-02
2.572315042946350331e+03 1.913768086592844420e-02
2.571117458669255029e+03 5.655308958085077803e-02
2.569920257228705850e+03 4.101190006298279650e-02
2.568723438466863627e+03 4.608831900841547230e-02
2.567526859040265663e+03 2.805823968296240062e-02
2.566330805191287254e+03 5.658693567215467013e-02
2.565134990419541282e+03 5.388254505401422062e-02
2.563939700853091381e+03 4.342935967556870586e-02
2.562744650106173594e+03 4.726625486629486977e-02
2.561549981149929863e+03 8.703522898891388401e-03
2.560355693827108553e+03 1.866261329897019386e-02
2.559161787980550343e+03 4.044249311824935772e-02
2.557968263453196414e+03 4.016970123540219290e-02
2.556775120088066160e+03 3.968774461310310003e-02
2.555582214828276392e+03 1.615943018217879529e-02
2.554389833345528587e+03 2.821413510798185392e-02
2.553197689711611929e+03 3.062936066497261647e-02
2.552005926669865858e+03 1.092314752500790805e-02
2.550814686849761074e+03 3.127862219816655159e-02
2.549623684494298686e+03 4.389449054581445742e-02
2.548433062261601208e+03 6.057755902147942025e-03
2.547242819995372429e+03 5.294944060945497993e-02
2.546052957539408453e+03 3.567748938240303952e-02
2.544863332093756071e+03 2.770087218370887241e-02
2.543674228818466418e+03 1.395759116975388812e-02
2.542485504885355112e+03 4.001923459784402504e-02
2.541297017579905514e+03 2.999757518414741114e-02
2.540108909361764290e+03 3.054018684123537691e-02
2.538921322577160026e+03 3.510301608291747921e-02
2.537733972038261527e+03 4.776003948221888007e-02
2.536547000119833683e+03 3.760626205947645989e-02
2.535360406666440667e+03 2.000768017909198421e-02
2.534174191522733508e+03 4.375006473536444812e-02
2.532988354533455094e+03 5.011636470339675409e-02
2.531802895543431532e+03 2.966274573553823873e-02
2.530617672093821511e+03 1.966241656730847304e-02
2.529432968665415956e+03 3.067347461357274735e-02
2.528248500524030533e+03 6.202836712067744812e-02
2.527064552037573776e+03 2.700160798412437613e-02
2.525880838585052061e+03 2.013899932838860221e-02
2.524697502259037265e+03 1.650111225214541746e-02
2.523514685039282085e+03 3.245916136740954056e-02
2.522332102474404564e+03 1.740760809908013448e-02
2.521149896572549096e+03 4.130342216660143340e-02
2.519968067179393984e+03 1.173678891921914672e-02
2.518786614140703023e+03 2.538031048077694224e-02
2.517605395308849893e+03 3.265086382570440288e-02
2.516424694544879458e+03 3.188708689498372106e-02
2.515244369673187975e+03 2.492748140162735077e-02
2.514064278630793979e+03 1.599270215818639207e-02
2.512884705110208870e+03 3.609159347951929053e-02
2.511705365167606942e+03 2.767899489140955918e-02
2.510526542383254764e+03 2.256896729032087726e-02
2.509347952925876143e+03 1.592289598572386305e-02
2.508169738494891590e+03 7.029078522256396785e-04
2.506991898936913458e+03 5.307816589150534531e-02
2.505814434098636866e+03 3.511733975467613150e-02
2.504637485511436353e+03 1.996812710769173965e-02
2.503460627968411245e+03 5.044741795955511032e-02
2.502284286370294467e+03 3.055667335333288673e-02
2.501108318879539183e+03 3.687084588614256836e-02
2.499932725343277980e+03 5.800185391125653456e-02
2.498757505608731208e+03 1.805134862643888172e-02
2.497582518006513965e+03 5.345658166116117743e-02
2.496408045445346943e+03 4.202932659653546565e-02
2.495233946228064269e+03 2.774787733925908328e-02
2.494060078769338816e+03 3.174818209906804523e-02
2.492886584405536723e+03 5.494860814029086521e-02
2.491713604361456419e+03 -5.015487753659144754e-04
2.490540855702824956e+03 3.943793856548027249e-02
2.489368479682509133e+03 2.945007717898946720e-02
2.488196617441941271e+03 3.579676831952842420e-02
2.487024986214390083e+03 2.795577503928347099e-02
2.485853727169328067e+03 4.519575468829206688e-02
2.484682840154976930e+03 2.212081015499998971e-02
2.483512325019651144e+03 3.134502416755592658e-02
2.482342181611748401e+03 3.585382216269061839e-02
2.481172409779753707e+03 2.906290120817928840e-02
2.480003009372236647e+03 2.808208793794496339e-02
2.478833839166883081e+03 2.157658486599891776e-02
2.477665181182138895e+03 3.329662384450000900e-02
2.476496894168091785e+03 3.596317813982845973e-02
2.475328977973652854e+03 2.294605905899242335e-02
2.474161291487826929e+03 4.276253913186520150e-02
2.472994116507409217e+03 1.941334568988285075e-02
2.471827170989271963e+03 5.283655646995355504e-02
2.470660736619519867e+03 5.597868052820134666e-02
2.469494531466007629e+03 4.907303503127594113e-02
2.468328837104247214e+03 3.327171642947086838e-02
2.467163371712986191e+03 3.878545415862717088e-02
2.465998275990998536e+03 3.498453018030273781e-02
2.464833690526528244e+03 5.983842790864261213e-02
2.463669333664497117e+03 1.728563908862238568e-02
2.462505346020958314e+03 2.910182971178947378e-02
2.461341727445817469e+03 2.366732633735300559e-02
2.460178477789066164e+03 1.193241648067315530e-02
2.459015737501370040e+03 2.450647306216964180e-02
2.457853225204150021e+03 3.766550258331105572e-02
2.456691081375818158e+03 5.612746525122681851e-02
2.455529305866704362e+03 5.018684033447871201e-02
2.454367898527226316e+03 5.655238937931979237e-02
2.453206859207887646e+03 5.266909827419478940e-02
2.452046187759271561e+03 4.075123651707886208e-02
2.450885884032051308e+03 2.082250438807064716e-02
2.449725807496614379e+03 2.735216878845104019e-02
2.448566238792012427e+03 4.984422380869488189e-02
2.447407037361312177e+03 4.002336877252449243e-02
2.446248203055527938e+03 3.570966979324313034e-02
2.445089735725750415e+03 5.258468222137212267e-02
2.443931635223155808e+03 2.952186645886847177e-02
2.442773761183330862e+03 3.890782022481110297e-02
2.441616393916384823e+03 6.831449126991775977e-02
2.440459393030650517e+03 2.371431458705177200e-02
2.439302618244157202e+03 4.986622743879344510e-02
2.438146349702846692e+03 5.868794979162809261e-02
2.436990447097534798e+03 6.061316936709770092e-02
2.435834770228590514e+03 3.583440173299470843e-02
2.434679599077991043e+03 4.540832861883276061e-02
2.433524793418930585e+03 5.759487713212688847e-02
2.432370213134018741e+03 5.684741035861651248e-02
2.431216138041470458e+03 3.976500414863905902e-02
2.430062288081952829e+03 6.032078163572859170e-02
2.428908942964614653e+03 5.739814221475025846e-02
2.427755962599717350e+03 1.997431613958918287e-02
2.426603207006713092e+03 3.233966774335543526e-02
2.425450955731332215e+03 4.970211871187817099e-02
2.424298928987449017e+03 4.983513278575295996e-02
2.423147406211950056e+03 2.710164404070897551e-02
2.421996107727839444e+03 3.982063280289004081e-02
2.420845312863253184e+03 2.515663745598336470e-02
2.419694742050231980e+03 4.531538484518693455e-02
2.418544674508253593e+03 3.644104174664670320e-02
2.417394830778307096e+03 4.571399904039580298e-02
2.416245489971298412e+03 6.459877324164237100e-02
2.415096372737070851e+03 4.646894384304372377e-02
2.413947758078056268e+03 6.238511580369541371e-02
2.412799366752858077e+03 3.453117934203700501e-02
2.411651477655517283e+03 1.328103008195869947e-02
2.410503811653321918e+03 4.418110274868168597e-02
2.409356647532008992e+03 3.681764154442057624e-02
2.408209706267446563e+03 4.889350866791149219e-02
2.407063266537164964e+03 5.500798574382644718e-02
2.405917049425529513e+03 3.591397966711793593e-02
2.404771333501948448e+03 6.009373383637912208e-02
2.403625839959191580e+03 6.200834306271667262e-02
2.402480847258634640e+03 5.234809203914358305e-02
2.401336076701368711e+03 2.572211190642139170e-02
2.400191806640821596e+03 4.267239327837067664e-02
2.399047758486309704e+03 5.194689986012378941e-02
2.397904210483412953e+03 4.535833467346238324e-02
2.396761023277676486e+03 4.675178730496529211e-02
2.395618057622630204e+03 6.955617057727896124e-02
2.394475591602244549e+03 3.028227950675326657e-02
2.393333346896006788e+03 4.685165212841224669e-02
2.392191601480250029e+03 4.597248385071964205e-02
2.391050216135782193e+03 5.785948527536212416e-02
2.389909051751183597e+03 6.008339774460116217e-02
2.388768386141502106e+03 5.407726107944763744e-02
2.387628080168572069e+03 8.446381641183729749e-02
2.386487994801859713e+03 4.334960553607419137e-02
2.385348407695335027e+03 3.312708243235641670e-02
2.384209179791757833e+03 3.242650440631866804e-02
2.383070310946692643e+03 3.019648708430141062e-02
2.381931801015779911e+03 4.541457008013610741e-02
2.380793511103083347e+03 6.525458079157576974e-02
2.379655718594548944e+03 4.067338203040716388e-02
2.378518284567583578e+03 3.985640910329368153e-02
2.377381208878157395e+03 4.617430413652566512e-02
2.376244491382318756e+03 4.097056941452265760e-02
2.375108131936201062e+03 3.378809885158324394e-02
2.373972130396018656e+03 3.852423136699138079e-02
2.372836486618061372e+03 4.350566970405339573e-02
2.371701200458702715e+03 5.661388194399509521e-02
2.370566271774402139e+03 4.463191340703066140e-02
2.369431700421690039e+03 6.560008621902968518e-02
2.368297624714620724e+03 4.739628764731099175e-02
2.367163767568335061e+03 4.851356224897981212e-02
2.366030267323740645e+03 3.227783924588399633e-02
2.364897123837692561e+03 2.542839663553763882e-02
2.363764475317904271e+03 3.446226506118601346e-02
2.362632044893206512e+03 4.395191846494302806e-02
2.361499970798116919e+03 3.701815723268647718e-02
2.360368391160713600e+03 5.304187575242264724e-02
2.359237029269857885e+03 5.511606553864889513e-02
2.358106161498094934e+03 7.059029034393260460e-02
2.356975511240864762e+03 4.026600181068886591e-02
2.355845354764503554e+03 2.756341173994944146e-02
2.354715415570935420e+03 4.246274490856067479e-02
2.353585969820375340e+03 4.792626773755948727e-02
2.352456879206044050e+03 3.858946107824774013e-02
2.351328143585793441e+03 5.728765449083116773e-02
2.350199624785698688e+03 3.408129383533652079e-02
2.349071598753984290e+03 2.953163330178444623e-02
2.347943927290367810e+03 3.904170341383883525e-02
2.346816610253013550e+03 3.157746918246922413e-02
2.345689647500175852e+03 4.720646580294282635e-02
2.344563038890177722e+03 3.656813786844118758e-02
2.343436784281425844e+03 5.580289347051010929e-02
2.342310883532406478e+03 5.928641220407415702e-02
2.341185474321809124e+03 3.346333605581505027e-02
2.340060280841612439e+03 4.394965526191784572e-02
2.338935440797088177e+03 3.384817073170856561e-02
2.337811091787948953e+03 6.347384398341557321e-02
2.336686958164875705e+03 2.996717166843461747e-02
2.335563315242281988e+03 2.063451870274143896e-02
2.334439887476543390e+03 2.482810086140218447e-02
2.333316950076736248e+03 3.361682297985467416e-02
2.332194227604841672e+03 5.468107079916257468e-02
2.331071995164695181e+03 5.677999252945169911e-02
2.329950114980242688e+03 3.398135607678184206e-02
2.328828586910949980e+03 3.115303377573514637e-02
2.327707410816361516e+03 4.258567777389623416e-02
2.326586586556095881e+03 3.860583952575626782e-02
2.325466113989856240e+03 5.211069822467579576e-02
2.324345992977417609e+03 3.502773618234323455e-02
2.323226223378640498e+03 7.331202872093427192e-02
2.322106805053457265e+03 2.586227089288610850e-02
2.320987875208187688e+03 4.559199228026321327e-02
2.319869158984091882e+03 3.904587279100257824e-02
2.318750793613877704e+03 2.663032603744937971e-02
2.317632916225469216e+03 3.235197520876796629e-02
2.316515389359141409e+03 2.369185793022603181e-02
2.315398075660008544e+03 5.567413036454461200e-02
2.314281249445387402e+03 5.628799546737860843e-02
2.313164773334378424e+03 -1.032011741318111494e-03
2.312048647187645201e+03 3.549953114076698918e-02
2.310932870865937730e+03 2.420105959387030409e-02
2.309817444230081492e+03 3.974298521681560170e-02
2.308702367140975184e+03 3.282764367951956225e-02
2.307587639459600723e+03 4.449947613231430843e-02
2.306473261047012329e+03 3.725752623954095566e-02
2.305359368744582298e+03 1.266664671279626141e-02
2.304245688426985453e+03 4.132512380261634671e-02
2.303132493889931993e+03 4.549686733723690146e-02
2.302019511112522196e+03 4.545810773502451108e-02
2.300907013786401421e+03 2.457348595183904416e-02
2.299794864845010579e+03 3.469594510907983431e-02
2.298683064149975962e+03 1.061878553577296240e-03
2.297571611563006627e+03 1.501556812407355349e-02
2.296460506945885300e+03 3.048185816928934699e-02
2.295349750160474741e+03 8.443938411457335008e-03
2.294239341068711383e+03 2.663221998004078328e-02
2.293129279532610781e+03 3.433244028110912088e-02
2.292019702082423464e+03 5.766999837240766036e-02
2.290910335218056389e+03 2.510833593716498696e-02
2.289801452112166771e+03 2.876710906406964446e-02
2.288692779368560878e+03 3.094326401868375404e-02
2.287584590056339948e+03 9.554377416460766229e-03
2.286476747421714208e+03 1.946747235197127460e-02
2.285369251327266284e+03 3.517030595737560134e-02
2.284262101635650652e+03 4.926604744442913270e-02
2.283155298209605462e+03 6.118239898764635774e-03
2.282048840911939806e+03 1.722524511870185404e-02
2.280942866014839638e+03 2.258425860309630495e-02
2.279837100536850812e+03 2.139440933886662538e-02
2.278731817133795630e+03 1.331204218998970588e-02
2.277626742927679516e+03 2.121990419808345019e-02
2.276522150471216719e+03 3.271446051444784620e-02
2.275417903270055831e+03 7.282896993204331093e-02
2.274314001187570739e+03 1.713247712935846157e-02
2.273210444087212181e+03 3.657782037223478860e-02
2.272107231832509569e+03 1.366685522670308371e-02
2.271004364287059161e+03 2.013021240306920451e-02
2.269901977466064636e+03 3.572938997260628052e-02
2.268799798904521140e+03 8.010184492092677425e-03
2.267698100743597479e+03 2.995331324356355351e-02
2.266596746695712227e+03 2.591040338905056806e-02
2.265495600576171910e+03 8.879924518728326546e-04
2.264394934372152875e+03 -4.819621329383668080e-04
2.263294611873425765e+03 3.212009942875929808e-02
2.262194632944227124e+03 8.710179513873917562e-03
2.261095133394941058e+03 3.615073468090412856e-02
2.259995841172185010e+03 3.683756488353348568e-02
2.258897028006952041e+03 2.182904649693528584e-02
2.257798421948532905e+03 3.236025182553605578e-02
2.256700294625587958e+03 2.666626920640922938e-02
2.255602510008020545e+03 3.096690421856246669e-02
2.254505067960626548e+03 4.427327224032546332e-02
2.253407968348271424e+03 2.559959202902661532e-02
2.252311211035907036e+03 1.716613429476738367e-02
2.251214795888547542e+03 3.168993397310872207e-02
2.250118858461522905e+03 3.028513315893688676e-02
2.249023127214007673e+03 2.796002090139064131e-02
2.247927873366209496e+03 3.780281826550585533e-02
2.246832961093246013e+03 3.353409833984222904e-02
2.245738390260539745e+03 2.408079402397744415e-02
2.244644160733586887e+03 -2.537740068385463442e-04
2.243550272377963211e+03 2.514082098102860333e-02
2.242456725059314522e+03 8.328585254698340004e-03
2.241363654129700535e+03 2.358923243457042643e-02
2.240270788456796708e+03 3.637373075995182364e-02
2.239178398853736326e+03 4.821454278314275116e-02
2.238086349700151914e+03 3.622315141389820248e-02
2.236994640862094911e+03 5.108247324293872793e-02
2.235903272205690882e+03 2.114184736769394307e-02
2.234812243597130873e+03 2.630667298910121382e-02
2.233721690211181794e+03 4.623778530810730703e-02
2.232631341271835481e+03 7.433643290299599138e-02
2.231541467237155757e+03 6.159493929411098689e-02
2.230451932665172080e+03 2.617765471514140949e-02
2.229362602215380775e+03 4.379073613455244929e-02
2.228273881375757810e+03 7.632964616259869939e-02
2.227185364391737039e+03 5.653170693040285993e-02
2.226097186337240601e+03 5.588455698199749216e-02
2.225009482185043908e+03 6.621996116353219552e-02
2.223921981565064925e+03 6.724723252003496354e-02
2.222834954530850155e+03 6.266036119094166301e-02
2.221748265843659738e+03 6.803940998140169116e-02
2.220661915370706538e+03 8.102177425268597410e-02
2.219575902979279817e+03 6.001969795510472133e-02
2.218490228536741142e+03 5.697273783442333844e-02
2.217405026839684524e+03 8.739384563738589184e-02
2.216320162776051802e+03 8.686470195829014418e-02
2.215235501334688706e+03 7.017927117790287439e-02
2.214151312165990021e+03 1.053930785971366607e-01
2.213067460233755810e+03 1.042530493405804531e-01
2.211984080209071180e+03 1.052392268164140110e-01
2.210900902328181473e+03 8.746231500653277313e-02
2.209818196040438124e+03 6.626456445663751749e-02
2.208735691682833931e+03 8.498753325248928348e-02
2.207653658604308475e+03 9.492394660329012135e-02
2.206571961920120430e+03 9.522622573830384629e-02
2.205490601498569049e+03 7.932084258255593656e-02
2.204409711835447524e+03 1.127898867353722134e-01
2.203329023519268503e+03 1.095876138386628063e-01
2.202248805648348025e+03 9.801772962961269320e-02
2.201168923463871124e+03 9.819089907904612891e-02
2.200089376834530867e+03 1.019110352401205177e-01
2.199010165629085805e+03 1.320322324602214437e-01
2.197931289716372248e+03 8.517825586503120772e-02
2.196852883417411704e+03 1.221761067056935657e-01
2.195774677671942300e+03 8.232278709062128275e-02
2.194696941228272863e+03 1.053902112460741031e-01
2.193619539503431497e+03 9.281277244103491864e-02
2.192542472366648326e+03 1.354806113827118352e-01
2.191465739687216683e+03 1.249948135313343062e-01
2.190389475636774478e+03 1.337146230218870524e-01
2.189313411455275400e+03 1.445196195176129683e-01
2.188237815591862272e+03 1.455534699739098881e-01
2.187162553613874934e+03 1.203532787268916660e-01
2.186087625390996891e+03 1.107052629249929143e-01
2.185013164970671369e+03 1.498182662876640092e-01
2.183938903842466971e+03 1.510436217352122967e-01
2.182865110206791542e+03 1.519115877947187221e-01
2.181791649755960862e+03 1.375691167811480542e-01
2.180718522360044517e+03 1.421035202601059755e-01
2.179645727889184855e+03 1.480664507286002241e-01
2.178573266213600618e+03 1.528529067580786660e-01
2.177501271207287118e+03 1.636468993138065486e-01
2.176429474708360431e+03 2.010451875065704108e-01
2.175358144569888736e+03 1.543303613937852814e-01
2.174287146658685742e+03 1.725100982149853357e-01
2.173216614749888322e+03 1.470779518225731608e-01
2.172146280880319864e+03 1.595286679631693350e-01
2.171076412705052462e+03 1.736152983183631981e-01
2.170006742360129010e+03 1.873068697162970642e-01
2.168937537401721784e+03 1.850489448555510119e-01
2.167868797626605556e+03 1.923035708738037308e-01
2.166800255319521057e+03 1.882695908403413942e-01
2.165732177888495244e+03 1.873677318932676361e-01
2.164664297717273257e+03 1.878427004165875991e-01
2.163596882115200515e+03 2.060393915417109700e-01
2.162529797222266552e+03 1.803365380313277366e-01
2.161463176542567908e+03 2.035628425700096999e-01
2.160396752657637990e+03 1.839473999553470351e-01
2.159330792679745173e+03 1.638023397566424899e-01
2.158265162847904321e+03 1.841215917211878050e-01
2.157199863033862584e+03 1.934719246051881669e-01
2.156134893109438963e+03 1.867905274034156182e-01
2.155070386431422776e+03 1.955082881872995948e-01
2.154006075877380681e+03 1.848830674359950299e-01
2.152942228264569167e+03 1.838543879462584685e-01
2.151878709980218900e+03 2.158607092416181816e-01
2.150815654283128879e+03 2.001667753388463034e-01
2.149752794247809106e+03 2.086462671874391994e-01
2.148690396495281675e+03 1.999059610326952841e-01
2.147628327511378757e+03 1.925720395706339294e-01
2.146566587168602837e+03 2.198434000959878232e-01
2.145505175339533707e+03 1.994592264703854145e-01
2.144444091896817554e+03 2.176826026612204701e-01
2.143383469928154682e+03 2.125960072815921142e-01
2.142323176042388695e+03 2.100970673707595604e-01
2.141263210112408615e+03 1.915869928750970619e-01
2.140203572011166671e+03 2.281515809161298591e-01
2.139144394728831685e+03 2.038210862633975107e-01
2.138085544972482694e+03 2.144049844916824654e-01
2.137027022615304759e+03 2.174165253050054092e-01
2.135968827530563431e+03 2.239221281371537309e-01
2.134910959591584742e+03 1.965197330964905120e-01
2.133853551666855310e+03 2.173037307465986723e-01
2.132796337615282937e+03 2.153585137541066674e-01
2.131739583276219946e+03 1.941225682044291911e-01
2.130683288450190048e+03 2.164270260110998378e-01
2.129627187142588355e+03 1.971472755976823865e-01
2.128571545046815118e+03 2.006213849620456235e-01
2.127516229114762609e+03 1.938704082434807852e-01
2.126461239220370771e+03 1.553975268621420602e-01
2.125406575237643665e+03 1.797020488317223608e-01
2.124352369816701412e+03 1.852682465650343502e-01
2.123298357255315750e+03 1.633958429987210359e-01
2.122244802955516207e+03 1.891441134712341654e-01
2.121191574015570495e+03 1.472426254362919074e-01
2.120138802988813495e+03 1.825426487330231440e-01
2.119086357022245920e+03 1.554447091130084779e-01
2.118034103359943401e+03 1.389305664989873845e-01
2.116982307161690187e+03 1.608472259739223698e-01
2.115930968229491100e+03 1.333894227122321419e-01
2.114879821249826819e+03 1.511778450022521758e-01
2.113829131237395814e+03 1.478265225773501279e-01
2.112778765485084023e+03 1.359366985550682916e-01
2.111728723867870940e+03 1.472485834254517179e-01
2.110679138721926392e+03 1.251731401670016786e-01
2.109629877412948645e+03 1.447054119962556673e-01
2.108580807403327981e+03 1.441653714929876096e-01
2.107532325806822882e+03 1.372238786243356878e-01
2.106484035260310975e+03 1.187491671809467603e-01
2.105436200392498449e+03 1.183213463438942403e-01
2.104388688690206436e+03 1.064280775858956057e-01
2.103341500029019699e+03 1.186930821072833542e-01
2.102294634284591666e+03 1.128261705660464631e-01
2.101248223576759756e+03 8.700765195596905921e-02
2.100202003269007037e+03 9.670293483706968174e-02
2.099156237701392456e+03 1.022648028098285117e-01
2.098110926677719817e+03 8.079499771933326691e-02
2.097065805706022729e+03 1.088373379825811338e-01
2.096021138982336652e+03 9.335803496104527754e-02
2.094976794210859225e+03 7.695051638303672392e-02
2.093932771267844146e+03 8.373767358761016744e-02
2.092889202081540134e+03 7.098796543526451897e-02
2.091845954428441928e+03 7.701849815439061608e-02
2.090803028185024232e+03 7.417463372128542398e-02
2.089760423227833599e+03 1.002443070884257159e-01
2.088718139433480701e+03 4.724774836404842943e-02
2.087676308610802607e+03 6.941844792711336642e-02
2.086634798656535168e+03 6.454016046680492724e-02
2.085593741331841557e+03 6.465699781924259815e-02
2.084552872721079893e+03 5.594509759354671791e-02
2.083512456445984753e+03 5.293350092900409726e-02
2.082472360499301885e+03 3.933495475825545679e-02
2.081432584758174016e+03 3.622613393969822265e-02
2.080393260864700551e+03 5.254917298259195041e-02
2.079354125142493558e+03 4.898681967339232890e-02
2.078315572692068145e+03 4.908811388881764715e-02
2.077277208167706249e+03 6.217723122856470830e-02
2.076239163187952272e+03 4.705942930754431625e-02
2.075201569276111968e+03 3.507988854496035813e-02
2.074164294616467942e+03 3.944082006644743926e-02
2.073127470684891705e+03 3.933513371969443034e-02
2.072090834139099570e+03 2.908091454590991387e-02
2.071054648029478358e+03 3.578731898402527645e-02
2.070018780635837174e+03 5.577137152565017630e-02
2.068983363339273637e+03 3.555508801976376559e-02
2.067948132987958616e+03 3.990748859474752691e-02
2.066913352442498308e+03 1.948007590947697237e-02
2.065878890078042787e+03 2.790290439251753851e-02
2.064844877181094489e+03 5.098493695168963141e-02
2.063811182174436908e+03 3.683773681447938264e-02
2.062777804936546545e+03 2.134819523772159972e-02
2.061744745345949468e+03 3.376311419355806920e-02
2.060712134594705276e+03 3.651659646343145132e-02
2.059679709910909423e+03 3.243954390322272702e-02
2.058647733776564564e+03 5.445277764127520043e-02
2.057616205999551767e+03 3.145999915942165187e-02
2.056584863950109138e+03 2.220801157707914114e-02
2.055553969968610090e+03 2.759203181321459239e-02
2.054523523863252649e+03 2.799170339525737863e-02
2.053493263146229765e+03 -1.205039207307333091e-04
2.052463450016467050e+03 1.865378841626394446e-02
2.051433953181580819e+03 1.189524633992705520e-02
2.050404772520905681e+03 2.591840900839905218e-02
2.049376038967627665e+03 1.851160701054154617e-02
2.048347621300338687e+03 2.245371923611380258e-02
2.047319519398601415e+03 3.665922950675668673e-02
2.046291733142047860e+03 1.336714045179782616e-02
2.045264393370018979e+03 2.551279536971463868e-02
2.044237368955604325e+03 -1.008475006452813974e-03
2.043210659778656691e+03 4.351999972891079649e-02
2.042184396608254701e+03 2.265868929205057045e-02
2.041158448388262286e+03 1.979983556773026732e-02
2.040132814998744834e+03 2.448929466371237498e-02
2.039107496319841630e+03 3.775845345683204873e-02
2.038082623027084082e+03 3.036811794853008437e-02
2.037058064158535672e+03 2.437024064789440267e-02
2.036033819594550778e+03 2.390931177299420243e-02
2.035010019940618349e+03 2.352508631438636130e-02
2.033986534305349778e+03 2.463193093325342226e-02
2.032963362569324090e+03 3.304658639089216865e-02
2.031940635268067126e+03 3.226735141286652536e-02
2.030918090949141970e+03 1.330359843425922388e-02
2.029895990779736394e+03 4.213349806420983723e-02
2.028874334570626843e+03 2.071635638044357769e-02
2.027852991571253142e+03 3.247157743109924111e-02
2.026831961662635194e+03 2.687799422936335003e-02
2.025811244725857478e+03 5.116093421229691435e-02
2.024790840642067451e+03 3.033348233206456523e-02
2.023770879760659909e+03 1.796435365616597807e-02
2.022751231448133922e+03 3.535866160480353321e-02
2.021732026007470949e+03 3.125029412822939029e-02
2.020713132851942873e+03 1.847954885469939995e-02
2.019694551863070274e+03 1.447072411033777442e-02
2.018676282922438531e+03 3.351406775445300162e-02
2.017658456240282931e+03 3.015204134222768118e-02
2.016640941323261131e+03 4.402079709802024510e-02
2.015623738053178386e+03 4.316706062124121140e-02
2.014606976570825964e+03 2.603193672528577446e-02
2.013590526452801896e+03 2.060315084854048504e-02
2.012574387581129940e+03 3.456137171215341308e-02
2.011558690027245575e+03 4.539572018998493108e-02
2.010543303437599207e+03 5.296186442236222591e-02
2.009528227694434008e+03 3.341429474552150281e-02
2.008513462680044313e+03 3.434164518031317115e-02
2.007499138373528695e+03 2.169178714346812337e-02
2.006485124514320887e+03 2.257894908368802966e-02
2.005471551035414677e+03 3.166695084985206299e-02
2.004458157695324871e+03 2.670635098070405292e-02
2.003445334458830303e+03 2.777257649116175384e-02
2.002432691126554573e+03 3.924572411901105368e-02
2.001420487566763768e+03 3.491673562083869031e-02
2.000408593658079781e+03 3.783711868408984845e-03
1.999397009283445414e+03 3.836427134452517068e-02
1.998385864214800904e+03 3.436580009107061129e-02
1.997375028400213296e+03 3.007698951480390279e-02
1.996364501722852992e+03 4.905088047764946668e-03
1.995354413885774193e+03 3.542392510578980247e-02
1.994344634906417696e+03 1.753045199802262880e-02
1.993335164668160360e+03 2.691752779502448734e-02
1.992326132805282896e+03 2.469322033151677767e-02
1.991317409404489354e+03 2.128273687815717546e-02
1.990308994349377599e+03 3.183587324688119669e-02
1.989301017205529206e+03 3.986212391575996022e-02
1.988293348128837806e+03 1.572284663776342753e-02
1.987285987003107039e+03 2.494583900602656210e-02
1.986279063325320749e+03 2.638254630278882504e-02
1.985272447320458241e+03 2.930260349812491977e-02
1.984266138872544161e+03 3.083501950583055623e-02
1.983260267410041251e+03 3.323699584916548627e-02
1.982254703226933316e+03 2.295070072950677886e-02
1.981249446207456003e+03 2.085247096284064891e-02
1.980244625711649633e+03 3.235541291575417394e-02
1.979240112102407920e+03 3.476637220955294816e-02
1.978235905264176608e+03 3.425232588352187385e-02
1.977232134488659085e+03 1.775935226392543267e-02
1.976228670207572122e+03 1.500847296139788678e-02
1.975225512305574057e+03 1.588158244120661811e-02
1.974222790006123660e+03 1.441063703865918741e-02
1.973220373809661623e+03 2.803807316564809263e-02
1.972218263601060244e+03 1.419844854836623330e-02
1.971216588535623941e+03 2.834987330153417723e-02
1.970215219182429109e+03 2.209335960562705536e-02
1.969214155426563593e+03 3.992870440996185155e-02
1.968213526355258409e+03 2.751834426234377878e-02
1.967213202606144250e+03 3.620566185980722551e-02
1.966213313221135195e+03 3.295786838141680219e-02
1.965213599749622290e+03 2.792358319638359523e-02
1.964214449478756478e+03 4.017909937096070944e-02
1.963215474892327165e+03 2.504504282820636460e-02
1.962216934075606559e+03 2.128167449868952760e-02
1.961218697803055647e+03 2.437232163236480176e-02
1.960220894980835510e+03 3.107145253654193529e-02
1.959223396428945989e+03 2.352300795908802630e-02
1.958226202033249137e+03 1.837683774311240151e-02
1.957229440632170963e+03 3.591882189192946440e-02
1.956232983113925457e+03 2.880528065919586364e-02
1.955236829364582263e+03 2.885656656326492792e-02
1.954241108154918038e+03 2.367142571300849541e-02
1.953245690441273382e+03 1.405589833902528597e-02
1.952250576109930535e+03 3.069582479443892786e-02
1.951255893864094560e+03 2.628958209075656083e-02
1.950261514728154680e+03 6.670010446499750889e-03
1.949267567360334169e+03 4.226471719647236641e-02
1.948273922830340325e+03 3.494666389450235694e-02
1.947280581024799858e+03 2.539591705199588031e-02
1.946287670534531571e+03 1.553685603733291967e-02
1.945295062497124263e+03 4.679678966489111275e-02
1.944302756799417693e+03 2.102068486562610333e-02
1.943310881964903274e+03 2.314435288868284604e-02
1.942319309198967176e+03 2.207414335036872108e-02
1.941328038388655614e+03 2.398995300740264930e-02
1.940337197990221739e+03 8.542512412987417203e-03
1.939346659276760647e+03 2.014923451174593580e-02
1.938356550659761297e+03 3.274954639201430734e-02
1.937366743457416987e+03 2.283054964033223028e-02
1.936377237557131139e+03 2.823741003053305623e-02
1.935388161303298148e+03 3.345144107077344803e-02
1.934399386081672219e+03 3.084770144600199049e-02
1.933411040191984966e+03 2.983865454414875995e-02
1.932422866675264686e+03 4.239397545070469620e-02
1.931435250588449207e+03 2.393018470911413564e-02
1.930447806650162192e+03 -5.656706113075401750e-04
1.929460791460614928e+03 3.623485138703690794e-02
1.928474204840671746e+03 2.818779968927080659e-02
1.927487790055490450e+03 3.092938264011650673e-02
1.926501803571334676e+03 2.422137202207011453e-02
1.925516245209367071e+03 1.603062586943971093e-02
1.924530986579921318e+03 3.656342589754357775e-02
1.923546027571302830e+03 3.317661181065242881e-02
1.922561496238222617e+03 1.746398334959686077e-02
1.921577264258186688e+03 2.160418581057575380e-02
1.920593331519704861e+03 3.173242020812204467e-02
1.919609826010869938e+03 2.274339525772679088e-02
1.918626619476272481e+03 2.367225414106588141e-02
1.917643839859648551e+03 2.677414998066595178e-02
1.916661358950272870e+03 1.892215494058728173e-02
1.915679176637001547e+03 5.248327777186915372e-02
1.914697420797098403e+03 1.992124580195766062e-02
1.913715963286776969e+03 2.941121168419242107e-02
1.912734931939043918e+03 3.086156417954872069e-02
1.911754198654692345e+03 2.406983961192166177e-02
1.910773763322925788e+03 1.566629802368241925e-02
1.909793753710426017e+03 3.190555438788761355e-02
1.908814041784777373e+03 4.149184529652685111e-02
1.907834755268495883e+03 3.769970413215689015e-02
1.906855766173659504e+03 4.368462104416340891e-02
1.905877074389805330e+03 3.164760700446218877e-02
1.904898807573284557e+03 1.649890099973494798e-02
1.903920837802799724e+03 2.551913103073814859e-02
1.902943292690633371e+03 5.187563156674315779e-02
1.901966044359881380e+03 2.724612613537557085e-02
1.900989092700432366e+03 4.843670540236144628e-02
1.900012565258537052e+03 2.613719154369095743e-02
1.899036334223776521e+03 5.605130064581408805e-02
1.898060527098441298e+03 3.594290579681905240e-02
1.897085016116402585e+03 3.842080924933925778e-02
1.896109801167893693e+03 2.607241599254916248e-02
1.895135009689307026e+03 3.854094002221410825e-02
1.894160513980867108e+03 5.028345243723700286e-02
1.893186441435099596e+03 3.175749237427808597e-02
1.892212664396416585e+03 1.837642140752512865e-02
1.891239182755389720e+03 4.284936584311340585e-02
1.890266123838805015e+03 3.727284818259597732e-02
1.889293487471464005e+03 3.644867446233551050e-02
1.888321018693800170e+03 2.166275815408342381e-02
1.887349099573400281e+03 5.295523972894043002e-02
1.886377347824440449e+03 2.799359646779002800e-02
1.885406018056589801e+03 1.603533476395564705e-02
1.884435110095133041e+03 2.460936649846699742e-02
1.883464369200201645e+03 2.167089071499478381e-02
1.882494177110896089e+03 2.403759451098695394e-03
1.881524151870562036e+03 2.894442794212646192e-02
1.880554547870128545e+03 4.532118736824664040e-02
1.879585364935366670e+03 2.810868568618067956e-02
1.878616475718892389e+03 6.057296825075181995e-03
1.877647880112235271e+03 3.945060441116477606e-02
1.876679705136575876e+03 3.856455897692495638e-02
1.875711823510317117e+03 9.755300524627207731e-03
1.874744362211138878e+03 4.436758322136821753e-02
1.873777194001259204e+03 2.848011023774556921e-02
1.872810318772543951e+03 1.469862025380121867e-02
1.871843863437486107e+03 2.809021030926321313e-02
1.870877827822733025e+03 3.007718431407912021e-02
1.869911957800998835e+03 3.327323034529780510e-02
1.868946634195505794e+03 2.363566980747036292e-02
1.867981475967379538e+03 3.197322286614993209e-02
1.867016736897685178e+03 3.387573270828832250e-02
1.866052416813551190e+03 3.578532106550797592e-02
1.865088388673884765e+03 1.575013440084479036e-02
1.864124652371161346e+03 2.267966241585200882e-02
1.863161334622850063e+03 3.171424819120429589e-02
1.862198308453229401e+03 3.122301668676660813e-02
1.861235700536536569e+03 2.715516119990862495e-02
1.860273383940598023e+03 1.778986284141058014e-02
1.859311485296456794e+03 4.884861710359054976e-02
1.858349877715446382e+03 3.915149739079671481e-02
1.857388561090516760e+03 3.778735106470821475e-02
1.856427661987986085e+03 2.323186161372630190e-02
1.855467180236047398e+03 5.021361512958835704e-02
1.854506862402850629e+03 3.263256959247330669e-02
1.853547088271857319e+03 4.065146331703278076e-02
1.852587477846111369e+03 9.170299696267343939e-03
1.851628284214330051e+03 4.749160664792468484e-02
1.850669507205183663e+03 2.614469987609545701e-02
1.849711020125281266e+03 4.168783287836389656e-02
1.848752949368799591e+03 2.536278901415378595e-02
1.847795168285638283e+03 3.771574257249672713e-02
1.846837676769492873e+03 2.939161116246974403e-02
1.845880601150119901e+03 2.416289002291035701e-02
1.844923814842275306e+03 1.272763905309486077e-02
1.843967444132832725e+03 4.594972823449583466e-02
1.843011362479749096e+03 2.460682209944210427e-02
1.842055696127048805e+03 1.933340787013218889e-02
1.841100318575844085e+03 4.463153389065917243e-02
1.840145229720291127e+03 8.483672626826910951e-03
1.839190682025807973e+03 3.708544658692168594e-02
1.838236296465500118e+03 3.031875090821060242e-02
1.837282325483492514e+03 2.506557431022230636e-02
1.836328642688608852e+03 3.016972072007398711e-02
1.835375374175198885e+03 1.091255114600481885e-02
1.834422519773571821e+03 1.429818437520575213e-02
1.833469827000014902e+03 2.981877966354561094e-02
1.832517674220420986e+03 3.043089679299246231e-02
1.831565808972639616e+03 2.815265184267396956e-02
1.830614231151505464e+03 2.556456200980519039e-02
1.829662940651909366e+03 1.933921842195071919e-02
1.828712189469200894e+03 2.964015532180233961e-02
1.827761599283725673e+03 3.072220347588347500e-02
1.826811422069650234e+03 4.047088133498880774e-02
1.825861657658131662e+03 1.935769830432181038e-02
1.824912179915548222e+03 2.340713232682162595e-02
1.823962988737183423e+03 2.855530688916023754e-02
1.823014209940683259e+03 3.747295113672129835e-02
1.822065843357586800e+03 1.887122685832260532e-02
1.821117762939811200e+03 3.468755316321745635e-02
1.820169968582913498e+03 2.174996701537691007e-03
1.819222586019724531e+03 2.896556321583339949e-02
1.818275489266195109e+03 4.048705747827167911e-02
1.817328804012805222e+03 2.086367427394587859e-02
1.816382404318168483e+03 1.834220034734195329e-02
1.815436415830446549e+03 4.540768196537035145e-02
1.814490712650869000e+03 2.856502125014618448e-02
1.813545420385328725e+03 1.003765962732026083e-02
1.812600413177633754e+03 3.201586884237107161e-02
1.811655816591438679e+03 2.209859950679838800e-02
1.810711504813087231e+03 1.351054026595895075e-02
1.809767603364040951e+03 3.757666862519019879e-02
1.808823986473150853e+03 2.622784258114737449e-02
1.807880779619709529e+03 2.981363308487585545e-02
1.806937857075031843e+03 2.112740063455484027e-03
1.805995344276295782e+03 4.294582569880719264e-02
1.805053115537236408e+03 2.998837155211083599e-02
1.804111170754533987e+03 2.793691616921450960e-02
1.803169635302230745e+03 9.302544907804133345e-03
1.802228509013856637e+03 2.436525686099028781e-02
1.801287666287883212e+03 4.984073829460490199e-03
1.800347232435348587e+03 3.413124865642316874e-02
1.799407081897036733e+03 1.682170223798412981e-02
1.798467214570019905e+03 2.026611489235296409e-02
1.797527755702376226e+03 2.355489277320543112e-02
1.796588705128194533e+03 1.731237021035027593e-02
1.795649937372770410e+03 3.461381206994317700e-02
1.794711452333438501e+03 2.687433877367428545e-02
1.793773375174483363e+03 3.260662308711342189e-02
1.792835705730375139e+03 2.647061868608104052e-02
1.791898318610756405e+03 9.095250257049375744e-03
1.790961338917187959e+03 1.256881962355593102e-02
1.790024641301433348e+03 2.788711539139706458e-02
1.789088225661217393e+03 3.333754952124803883e-02
1.788152217035426020e+03 2.628024831144104914e-02
1.787216615259086666e+03 1.746924430583643439e-02
1.786281295068094778e+03 3.848294829126266969e-02
1.785346256360433472e+03 3.606023138276610862e-02
1.784411624091574140e+03 3.127798892438096029e-02
1.783477398096919387e+03 1.024274390843933971e-02
1.782543453196332166e+03 3.203040963004585850e-02
1.781609914282835689e+03 1.852255604648695569e-02
1.780676656218218341e+03 3.405581520560962971e-02
1.779743803853911686e+03 1.433761975111970573e-02
1.778811232093591343e+03 1.476715407191827277e-02
1.777878940835771346e+03 2.501161767369568245e-02
1.776947054869539443e+03 3.685992989607982800e-02
1.776015574031046754e+03 1.927251632534849810e-02
1.775084373307643091e+03 1.798812041077892110e-02
1.774153577426198126e+03 2.960541013837107022e-02
1.773223061415840220e+03 1.429942110970111938e-02
1.772292949961994509e+03 2.299397517582097913e-02
1.771363118135531067e+03 3.095683267181312563e-04
1.770433690580464827e+03 2.288053788070667713e-02
1.769504542409368923e+03 2.657549863230763282e-02
1.768575798224887421e+03 4.177586029332717305e-02
1.767647457864020907e+03 1.712852090415512354e-02
1.766719271839795283e+03 2.559312009577736913e-02
1.765791614037682393e+03 3.525689488578544195e-02
1.764864234991589228e+03 2.814609468322725946e-02
1.763937134600999798e+03 2.357603237549645361e-02
1.763010437344685442e+03 2.595889844607248906e-02
1.762084143060186989e+03 1.098077100835130257e-02
1.761158127047282960e+03 1.285815844358488384e-02
1.760232389205710206e+03 3.095095411999424992e-02
1.759307053931834616e+03 1.580126476647233588e-02
1.758382121063569912e+03 4.486486427478803690e-02
1.757457465983638031e+03 2.006194429742949245e-02
1.756533213026715430e+03 2.576130895909572310e-02
1.755609237616938344e+03 2.789023565397592830e-02
1.754685664047892033e+03 3.326018064770312754e-02
1.753762367785096558e+03 2.300927565971059088e-02
1.752839473081083042e+03 1.513987653159855687e-02
1.751916855442714223e+03 2.906852071342836200e-02
1.750994639081510059e+03 3.848629176861653040e-02
1.750072823836223733e+03 1.235922141847794510e-02
1.749151285275669352e+03 2.989848847001648491e-02
1.748230023300430048e+03 2.558000380388908077e-02
1.747309162040103502e+03 1.806557857025110903e-02
1.746388701333813287e+03 1.334206750903648396e-02
1.745468516832829664e+03 1.409863224573273954e-02
1.744548732605436271e+03 5.262881743290640651e-02
1.743629224344072327e+03 1.056643196516630911e-02
1.742710116076175836e+03 1.451862727188276379e-02
1.741791283535322236e+03 3.332391062870775078e-02
1.740872850708140277e+03 2.479899196023547039e-02
1.739954693369301367e+03 2.106375072853111652e-02
1.739036935464665703e+03 2.699738186206310578e-02
1.738119576834172221e+03 3.021262055521642398e-02
1.737202493314092862e+03 2.256678220592515938e-02
1.736285684805836809e+03 7.063604740412162374e-03
1.735369275173814458e+03 1.605264438950038466e-02
1.734453264258342188e+03 -1.865190979923662907e-04
1.733537527977653099e+03 2.905645085828142613e-02
1.732622190135199844e+03 3.560919145978284905e-02
1.731707250571582335e+03 2.370028417005908255e-03
1.730792585266428205e+03 2.571898430833065644e-02
1.729878194121588876e+03 2.444872198683142178e-02
1.728964200859348693e+03 1.404863108087961443e-02
1.728050605320657496e+03 1.347020431651944905e-02
1.727137283566856240e+03 1.871810288385524629e-02
1.726224359259449557e+03 3.564184455790066902e-02
1.725311708500579243e+03 3.753235322283296482e-02
1.724399454911273779e+03 1.896415129766391983e-02
1.723487474634428281e+03 8.957973212182748085e-03
1.722575891250639415e+03 6.050682661038781635e-02
1.721664704601500716e+03 2.018444361590576025e-02
1.720753790890993514e+03 1.862046242476505381e-02
1.719843150021660904e+03 4.090596393477029247e-02
1.718933029090565697e+03 2.689670141392234634e-03
1.718023057147963300e+03 3.202210465446691384e-02
1.717113604827605741e+03 1.346553007282759798e-02
1.716204424837847910e+03 4.123781241113123192e-02
1.715295517081560547e+03 2.539225880737483107e-02
1.714387004957832232e+03 3.672696631135918127e-02
1.713478888309076183e+03 1.066620889993229876e-02
1.712571043521987121e+03 1.772424947701043210e-02
1.711663593935330937e+03 1.258660549326307172e-02
1.710756415976301923e+03 5.015137721029565288e-03
1.709849632943486995e+03 2.612588623329537701e-02
1.708943244679750478e+03 1.862068743862231243e-02
1.708037127672984980e+03 3.818416223241410251e-02
1.707131405161580233e+03 2.023682690711040705e-02
1.706225953673834738e+03 1.715641051532314568e-02
1.705320896408053386e+03 1.139788644005892623e-02
1.704416109932895097e+03 1.358574610753549884e-02
1.703511717406616299e+03 1.598065658773693137e-02
1.702607718672719102e+03 8.436225167551755777e-03
1.701703990360362923e+03 3.059225144719191630e-02
1.700800655567804597e+03 1.030132737018121108e-02
1.699897590964477558e+03 4.889501186763213492e-03
1.698994919608681357e+03 8.626753228508454371e-03
1.698092518210088656e+03 3.334961783753982723e-02
1.697190632901342269e+03 7.783729405100280226e-03
1.696288894183770708e+03 3.368899055786737928e-02
1.695387548170152058e+03 6.882962266538212789e-03
1.694486594704786512e+03 2.750565740153334410e-02
1.693586033632084536e+03 2.792448372748952690e-02
1.692685741782238210e+03 1.521025508788157246e-02
1.691785719059746953e+03 2.401305776465403538e-03
1.690886211317957077e+03 5.562511585782569171e-03
1.689986849478417753e+03 4.598888427254692324e-02
1.689088002309194508e+03 5.859861855147016629e-03
1.688189423766251366e+03 2.130313825580460591e-02
1.687291236649075927e+03 3.030875238374271946e-02
1.686393317928028182e+03 1.803113813840390503e-02
1.685495667508036604e+03 3.357339004190047771e-02
1.684598530964052998e+03 2.328778501080236429e-02
1.683701662451607945e+03 3.675661451801091190e-02
1.682805061875812498e+03 3.606794869299229794e-02
1.681908974692598576e+03 1.522549883834611872e-02
1.681013032421481057e+03 2.286499893100582548e-02
1.680117603234355329e+03 1.217184782594295418e-02
1.679222441485850595e+03 2.520312868565539530e-02
1.678327547081394414e+03 1.649616126101206490e-02
1.677433165278886918e+03 1.303426834201338973e-02
1.676539050552204571e+03 4.235384828131993906e-02
1.675645202806963880e+03 2.314301357656691968e-02
1.674751744565659919e+03 3.160879067158431366e-02
1.673858675674663573e+03 3.707536922553589243e-02
1.672965873403180240e+03 4.326844485720503924e-02
1.672073460214579654e+03 3.250748260428737435e-02
1.671181313417748697e+03 -3.135526723753506370e-04
1.670289555436681212e+03 1.098203378911791900e-02
1.669398186118198964e+03 1.316042631123594264e-02
1.668507082830661602e+03 1.301238275778788915e-02
1.667616367939078373e+03 3.830493091185477317e-02
1.666726041290545936e+03 5.007842935606818952e-02
1.665835980312804168e+03 3.120644864061136378e-02
1.664946307311969804e+03 2.796722772690081460e-02
1.664056899755325503e+03 4.269976625740415366e-02
1.663167879909753310e+03 5.020236962300691358e-02
1.662279247622785988e+03 1.551750300434955911e-02
1.661390880420957956e+03 4.802275979707927578e-02
1.660502900512387214e+03 4.502989475529834557e-02
1.659615185463051375e+03 5.147148362320594361e-02
1.658727979704135578e+03 3.448211512369035031e-02
1.657840916296999012e+03 2.290732781113817215e-02
1.656954361876333223e+03 5.778778245398643459e-02
1.656068071824716981e+03 2.468969291471006730e-02
1.655182046049179917e+03 2.799450492337890103e-02
1.654296528785258943e+03 5.713674384581192423e-02
1.653411153388682806e+03 4.476269054456254864e-02
1.652526286200651384e+03 5.242279993253915610e-02
1.651641682800001490e+03 3.606093413519174257e-02
1.650757465180073268e+03 3.301270829998256134e-02
1.649873511123177195e+03 4.047853467720428228e-02
1.648989942583714992e+03 4.472400156227505225e-02
1.648106759410635732e+03 3.160205825832913817e-02
1.647223839445063504e+03 3.972084799627790402e-02
1.646341304583065721e+03 2.885986074554769409e-02
1.645459154673864532e+03 2.824863164987439015e-02
1.644577267617304642e+03 6.734447307296659302e-02
1.643695765251211924e+03 5.590528690118889976e-02
1.642814525514529805e+03 4.762859318530531655e-02
1.641933670206284887e+03 4.912031063651842860e-02
1.641053199176137696e+03 7.256961286346681750e-02
1.640173112273837432e+03 5.159123292258010335e-02
1.639293287516436976e+03 3.247055712519816839e-02
1.638413724812132614e+03 4.930469192004657830e-02
1.637534667657107093e+03 6.722305453489688110e-02
1.636655872294106075e+03 5.388005618492043569e-02
1.635777338631499788e+03 5.088165299712749112e-02
1.634899188313525428e+03 7.517006229653598604e-02
1.634021421190532692e+03 4.785630192387708981e-02
1.633144037112980186e+03 4.453007242983465785e-02
1.632266914253677442e+03 7.190359089981401830e-02
1.631390174179690575e+03 5.402550350725152106e-02
1.630513695102676365e+03 7.175968399689815203e-02
1.629637720170894909e+03 7.526035075013752518e-02
1.628761884376013995e+03 4.223206849292796689e-02
1.627886552428229834e+03 5.931734704051645768e-02
1.627011480997062336e+03 6.320283675261764711e-02
1.626136791534078156e+03 -3.464662556358148434e-04
1.625262362367270953e+03 2.787655278155128091e-02
1.624388314909771907e+03 5.896089588146048721e-02
1.623514649012991413e+03 2.071751571485057342e-02
1.622641243062966623e+03 6.914538443052425931e-02
1.621768218415258161e+03 6.760730264094412523e-02
1.620895574921535854e+03 6.049747147073929882e-02
1.620023191025801452e+03 5.675142590747513094e-02
1.619151188026121645e+03 6.223052043875341305e-02
1.618279565774431376e+03 4.022953020726610651e-02
1.617408202772611048e+03 6.388466757593208589e-02
1.616537220261316861e+03 6.231610404403761794e-02
1.615666618092746148e+03 3.601771610200189128e-02
1.614796396119191741e+03 4.152830527663976118e-02
1.613926432919589843e+03 5.595212466034714394e-02
1.613056728403882744e+03 1.876378794122338101e-02
1.612187524952367767e+03 4.897975728032397807e-02
1.611318579928220970e+03 3.713844314764586790e-02
1.610449893241564041e+03 5.936613078262076293e-02
1.609581707158120480e+03 3.307462861323793440e-02
1.608713779156108558e+03 4.860265559202036484e-02
1.607846109145827768e+03 6.763168780491002341e-02
1.606978939278586040e+03 3.962674452481406567e-02
1.606112027147481513e+03 4.601873597233645252e-02
1.605245372662995806e+03 6.037377782999502757e-02
1.604379217862185669e+03 4.564730492114756760e-02
1.603513320452862217e+03 4.554187580648100947e-02
1.602647801370853813e+03 6.021618226341667740e-02
1.601782539463619514e+03 2.391993273121651234e-02
1.600917655629036517e+03 4.078956190934833470e-02
1.600053149720856936e+03 5.795985411798464798e-02
1.599188900643856869e+03 2.488845958849943141e-02
1.598325029239058040e+03 4.249700327992254195e-02
1.597461535360474727e+03 4.359278408980230002e-02
1.596598418862218978e+03 1.368971005076282700e-02
1.595735558725358032e+03 5.588738324935074026e-02
1.594873075715251389e+03 6.339785168765660339e-02
1.594010848851056608e+03 2.348279969751292454e-02
1.593149119676602595e+03 7.121139079057427212e-02
1.592287646394949206e+03 4.221408127411302447e-02
1.591426428917532121e+03 3.682994482793812419e-02
1.590565587915307106e+03 7.945747923630412657e-02
1.589705123243062644e+03 5.141954086216600495e-02
1.588845034755674305e+03 5.557681438102421434e-02
1.587985201605341445e+03 5.706184675027953929e-02
1.587125865071569478e+03 1.577202904122832275e-02
1.586266662957816152e+03 5.786556613405463567e-02
1.585407957170985355e+03 2.144338703593710871e-02
1.584549506255218148e+03 8.290617137949111981e-02
1.583691430730920047e+03 6.060573807334953406e-02
1.582833609863971787e+03 8.130494190291547019e-02
1.581976284707991681e+03 3.717444569640655783e-02
1.581119093406299726e+03 5.777952897311026959e-02
1.580262397526963468e+03 3.730520631785277236e-02
1.579405955840702063e+03 4.278043110994356191e-02
1.578549888755368102e+03 5.755599909247980511e-02
1.577694196126956058e+03 6.061073179594610866e-02
1.576838877811552720e+03 2.964443101193904584e-02
1.575983813226127040e+03 2.225395622731720160e-02
1.575129122703682469e+03 2.092066232651760421e-02
1.574274685698861504e+03 5.235317912234273979e-02
1.573420622507277812e+03 4.320816701141761557e-02
1.572566932985432913e+03 5.938965215927575342e-02
1.571713616989923821e+03 4.271457224051705692e-02
1.570860554050645078e+03 7.391306792292455519e-02
1.570007864388578582e+03 4.524569884662007352e-02
1.569155547860570323e+03 5.653384102295633262e-02
1.568303604323559966e+03 6.972558841172968314e-02
1.567451913382560178e+03 4.815991915692688363e-02
1.566600595184054782e+03 4.538574814374999461e-02
1.565749529370550363e+03 5.180872335285809094e-02
1.564898956247352999e+03 5.166302259387341861e-02
1.564048635261106028e+03 4.362700763357684614e-02
1.563198686483932761e+03 5.220429445589207240e-02
1.562348989633242354e+03 8.624289512323191076e-02
1.561499664744026404e+03 3.406390307184224697e-02
1.560650711673976502e+03 5.452212176790108972e-02
1.559802130280877918e+03 5.591181040220590676e-02
1.558953800356898455e+03 4.358384879269310702e-02
1.558105841862880425e+03 2.113931020095653063e-02
1.557258254656862619e+03 4.146244249123604703e-02
1.556411038596972958e+03 5.804102894895100950e-02
1.555564073549991690e+03 6.727717870614215168e-02
1.554717479402764639e+03 6.573409811841340877e-02
1.553871256013668699e+03 2.210205781182775567e-02
1.553025283305344374e+03 3.767927665445457153e-02
1.552179681109224020e+03 5.437213916194860025e-02
1.551334449283929644e+03 8.323704749273472259e-02
1.550489587688178972e+03 1.434425370410049617e-02
1.549644976318988483e+03 4.423925714208486182e-02
1.548800734934025968e+03 7.245993978537269842e-02
1.547956863392253581e+03 3.167614262894200700e-02
1.547113241746364338e+03 4.620315720354065125e-02
1.546270109486702040e+03 4.545708539780463769e-02
1.545427226878211741e+03 3.845922541541396678e-02
1.544584593835549640e+03 4.219796161704993803e-02
1.543742449738579126e+03 8.258965272388149592e-02
1.542900554963168133e+03 4.679030965704567696e-02
1.542059029119890283e+03 7.020155332103052148e-02
1.541217872068384622e+03 6.820768018607947791e-02
1.540376964009441735e+03 5.149442336833798262e-02
1.539536424498611723e+03 3.935901772762055023e-02
1.538696253395783515e+03 4.879124672773828969e-02
1.537856450560938583e+03 7.221053757137833873e-02
1.537016896268703704e+03 7.111320908351836945e-02
1.536177710001391461e+03 1.111194605208318947e-01
1.535338891619233209e+03 2.320076123436200580e-02
1.534500321452130038e+03 5.961432144605534333e-02
1.533662238439646899e+03 7.314748369696952301e-02
1.532824403399763241e+03 5.358981920156771772e-02
1.531986935723454053e+03 6.017549272626471213e-02
1.531149715814216279e+03 3.523814116698690407e-02
1.530312982465404048e+03 6.304061618717188287e-02
1.529476496641808126e+03 3.583294899903581576e-02
1.528640377661482262e+03 7.062271680911699767e-02
1.527804506001367827e+03 7.739342405820003046e-02
1.526969000943108313e+03 9.226002925995255288e-02
1.526133981695385728e+03 1.104746807070509235e-02
1.525299090076800894e+03 4.817759341941241225e-02
1.524464683991312086e+03 4.132256882976966667e-02
1.523630524659931098e+03 5.624494323781405181e-02
1.522796731273437445e+03 2.874409545419766981e-02
1.521963303693398075e+03 8.810580542276108540e-02
1.521130241781470659e+03 6.084128713007559003e-02
1.520297426179340846e+03 5.829872044702944650e-02
1.519464976005256858e+03 6.465431924961334564e-02
1.518632891121117609e+03 2.937416891408790171e-02
1.517801171388906141e+03 -8.796085004716908216e-04
1.516969697523305058e+03 1.809452120313164575e-02
1.516138588570164075e+03 2.371580103782108817e-02
1.515307844391711569e+03 4.310515207283704270e-02
1.514477464850264369e+03 2.386684957765206408e-02
1.513647449808235251e+03 4.575388509854982910e-02
1.512817680071345194e+03 3.595921328569577635e-02
1.511988274595153598e+03 5.525341592419755199e-02
1.511159114221728260e+03 2.024274368034815336e-02
1.510330436873047120e+03 3.908681665021691842e-02
1.509502004388841897e+03 5.459031389954084601e-02
1.508673935652585669e+03 1.829475474013756917e-02
1.507846230527254647e+03 4.586541392410323215e-02
1.507018888875916218e+03 1.575075097374674729e-02
1.506191791649502875e+03 6.328431726126118595e-02
1.505365057659546665e+03 1.234581004227485769e-02
1.504538686769346896e+03 4.006856997615102639e-02
1.503712678842304740e+03 3.785246262643226361e-02
1.502886914901745286e+03 4.097113060457916595e-02
1.502061632509550236e+03 7.980309221543989417e-03
1.501236593867045713e+03 4.907871578101042492e-02
1.500411917678108921e+03 7.834425582298099044e-02
1.499587485038324303e+03 4.425833745693625448e-02
1.498763533366008232e+03 1.420032820467299894e-02
1.497939825006635601e+03 1.588529206178629014e-02
1.497116478592483190e+03 4.184905204808590795e-02
1.496293375291249504e+03 5.018877436534880526e-02
1.495470752377967756e+03 4.662947634746745368e-02
1.494648372341975346e+03 4.715572415552649055e-02
1.493826353744090966e+03 -3.806022592497992804e-05
1.493004696448778986e+03 3.569619790976617801e-02
1.492183400320591545e+03 6.025195804032045660e-02
1.491362346635145514e+03 4.799385615812903211e-02
1.490541653881934053e+03 8.394517567581993855e-02
1.489721321925746224e+03 7.085380074234740033e-02
1.488901350631458172e+03 5.225815721260654995e-02
1.488081739864034716e+03 6.607101354319051822e-02
1.487262370988783687e+03 5.724735286841704796e-02
1.486443362406243978e+03 3.903049394006623263e-02
1.485624713981619152e+03 8.077562518837433370e-02
1.484806425580188261e+03 5.167302566882503445e-02
1.483988497067332446e+03 7.011484447042533319e-02
1.483170809897832669e+03 1.041534494731810589e-01
1.482353482383487744e+03 5.528819740203388261e-02
1.481536514389908916e+03 6.091843894867978587e-02
1.480719905782789510e+03 7.498243130875503759e-02
1.479903538088331061e+03 4.954682700524257188e-02
1.479087647869323291e+03 9.782692980169031827e-02
1.478271998330291353e+03 5.596915746160202598e-02
1.477456707676837141e+03 7.067501990243083010e-02
1.476641657506437241e+03 8.043220860661005889e-02
1.475827084240252134e+03 8.836705760798929665e-02
1.475012751225009197e+03 1.375825459865940847e-01
1.474198776595673962e+03 1.390900489339368939e-01
1.473385160218672809e+03 1.248048685211305686e-01
1.472571901960509877e+03 1.092620540497562243e-01
1.471759001687789578e+03 1.351876728071666756e-01
1.470946341122411923e+03 9.895189182411240347e-02
1.470134038311242421e+03 1.205816382853385493e-01
1.469322093121114904e+03 9.905470266319243988e-02
1.468510505418945968e+03 1.424530263985690492e-01
1.467699275071734291e+03 1.232812282730485487e-01
1.466888283889991726e+03 1.039946199235071006e-01
1.466077767871669039e+03 1.446666353981041486e-01
1.465267490788461600e+03 1.427931625886565414e-01
1.464457452560509182e+03 1.040566633273661279e-01
1.463647889080332561e+03 1.270768365242072317e-01
1.462838682194063949e+03 1.032488994205532362e-01
1.462029713818258870e+03 1.270070921412662368e-01
1.461221101806730076e+03 1.560465279026921059e-01
1.460412846027202704e+03 8.141799895536853959e-02
1.459604946347483974e+03 1.408498966836656263e-01
1.458797402635470917e+03 1.300174167945750414e-01
1.457990096895847046e+03 1.135796138632328978e-01
1.457183146895012214e+03 1.448955416361716042e-01
1.456376552501092647e+03 1.515195658060190798e-01
1.455570313582301878e+03 1.689732505525953776e-01
1.454764430006930525e+03 1.505407555634222516e-01
1.453958901643363333e+03 1.653111324504143442e-01
1.453153610601759283e+03 1.262183855681278666e-01
1.452348674543912466e+03 1.323172433487440347e-01
1.451544093338432731e+03 1.307269704280756284e-01
1.450739866854016782e+03 1.317256195913241168e-01
1.449935994959443633e+03 1.456830610296797612e-01
1.449132359852532545e+03 1.890089109315535310e-01
1.448329196761751746e+03 1.706535935097219236e-01
1.447526270231449416e+03 1.494121592120586373e-01
1.446723697801769504e+03 1.781487597934538758e-01
1.445921479341885743e+03 1.807225823473704029e-01
1.445119497137060534e+03 1.764637771099482888e-01
1.444317986242032248e+03 1.733823947278273492e-01
1.443516711375589693e+03 1.864116710062113103e-01
1.442715907523106353e+03 1.875245081381366197e-01
1.441915339473040149e+03 1.761656597979033845e-01
1.441115007147122469e+03 1.507055937567797210e-01
1.440315145426784056e+03 1.653665112934203929e-01
1.439515636667333183e+03 1.481022714837277598e-01
1.438716363293499398e+03 1.344725606579818544e-01
1.437917442655086916e+03 7.521553817003662212e-02
1.437118874622153953e+03 8.614138606320199953e-02
1.436320659064830579e+03 1.076312168196207064e-01
1.435522795853346224e+03 1.249639086095921670e-01
1.434725284858002169e+03 5.770211080568202200e-02
1.433928008607776519e+03 1.049231303154772865e-01
1.433131201673233136e+03 7.613247605457053313e-02
1.432334629259347594e+03 8.346692912725070523e-02
1.431538408578152712e+03 2.742388505886109856e-02
1.430742539500341536e+03 6.817457164626011812e-02
1.429946904641520177e+03 6.436038833309963569e-02
1.429151738400135400e+03 1.259200966243044506e-01
1.428356806153980415e+03 5.464190368555486843e-02
1.427562342232785340e+03 6.354494156922897707e-02
1.426768112083357437e+03 2.469192585129155459e-02
1.425974232797620971e+03 6.991399998575827113e-02
1.425180704246829009e+03 9.823084651404175027e-02
1.424387409167514988e+03 9.583610632261256590e-02
1.423594581717881510e+03 1.113369309442566180e-01
1.422801987516961390e+03 9.497338473776287260e-02
1.422009860654477052e+03 6.062882056698790101e-02
1.421217966818238438e+03 8.455899914698603026e-02
1.420426422980472125e+03 1.174394001063859688e-01
1.419635229012988020e+03 5.664050024329306959e-02
1.418844384787683794e+03 1.121347854986766424e-01
1.418053773178781739e+03 5.938975177899739194e-02
1.417263628070944833e+03 7.715779606323634743e-02
1.416473715357884203e+03 1.036751933388463387e-01
1.415684151909555112e+03 2.917053564380159628e-02
1.414894937598241086e+03 3.770717417530883991e-02
1.414106072296307502e+03 7.021107756210732964e-02
1.413317555876200004e+03 5.127841753296504684e-02
1.412529388210451316e+03 3.991916875739641435e-02
1.411741452310430986e+03 -1.029309730496648801e-03
1.410953864944130146e+03 5.662439460816313941e-02
1.410166742811490394e+03 4.110106554861473610e-02
1.409379852113947209e+03 6.873538008662680165e-02
1.408593309568633913e+03 2.979334285418784589e-02
1.407807115048537980e+03 2.478453294554809963e-02
1.407021268426749657e+03 4.953874612789293391e-02
1.406235652834193388e+03 5.650862014896574498e-02
1.405450501645540953e+03 6.088389827049684594e-02
1.404665581266608797e+03 7.004176690072067002e-02
1.403881008313009715e+03 8.552431321927084218e-02
1.403096899332617113e+03 2.549214949350237999e-02
1.402313020833218843e+03 4.814019721344533348e-02
1.401529489379795677e+03 6.907253189641106295e-02
1.400746188222419505e+03 3.912234996060572761e-02
1.399963350499058834e+03 6.810622231411728178e-02
1.399180859443034933e+03 5.367782088754972925e-02
1.398398598355360036e+03 7.885184687041937868e-02
1.397616800272829323e+03 4.523148651679517740e-02
1.396835231940543053e+03 5.168654977212415458e-02
1.396054009805615806e+03 7.104491504684733172e-02
1.395273133742295386e+03 8.690654034944646222e-02
1.394492603624918047e+03 7.901672308058294014e-02
1.393712419327896669e+03 7.143917449784469020e-02
1.392932464270792252e+03 6.250111533018991306e-02
1.392152971254874501e+03 1.047652706883570456e-01
1.391373707261738218e+03 5.981004416319680300e-02
1.390594905025517392e+03 3.559979633811338057e-02
1.389816331595233351e+03 7.056068122511871543e-02
1.389038103267053657e+03 7.817297799738195940e-02
1.388260219915937569e+03 6.820523079795580423e-02
1.387482681416915284e+03 7.916891159192786243e-02
1.386705487645106359e+03 8.056929377219229638e-02
1.385928638475706066e+03 3.277340444310419126e-02
1.385152017496921189e+03 7.221822554513883385e-02
1.384375857174993826e+03 5.339989660377948005e-02
1.383599924827938821e+03 8.202553505068736761e-02
1.382824452855200434e+03 9.300996191658882084e-02
1.382049208641883524e+03 8.951119839688644053e-02
1.381274308317240639e+03 9.388488903507137551e-02
1.380499751757007289e+03 9.473491369875308710e-02
1.379725538836996293e+03 7.696124539389555264e-02
1.378951669433103689e+03 5.150724607764346763e-02
1.378178143421301229e+03 5.798887432572495670e-02
1.377404844557599290e+03 3.469579716134615910e-02
1.376632004974874235e+03 9.566918892450956835e-02
1.375859392325898853e+03 7.716687037942961125e-02
1.375087238677076812e+03 9.373019169065116563e-02
1.374315311747928718e+03 7.769081776688559204e-02
1.373543727501624517e+03 5.033281914758881703e-02
1.372772485814669380e+03 8.141497110312587160e-02
1.372001586563650335e+03 4.708213380950703603e-02
1.371231029625233305e+03 1.078006282213996858e-01
1.370460814876168342e+03 6.712776498971043115e-02
1.369690942193276669e+03 6.524533635238427554e-02
1.368921411453464998e+03 4.853738441807940729e-02
1.368152106613002388e+03 8.816813684273265561e-02
1.367383259406936759e+03 6.420445897245487255e-02
1.366614637887523486e+03 3.682060881715824852e-02
1.365846473723743884e+03 6.462572361778787244e-02
1.365078535034204151e+03 5.299908421291822658e-02
1.364310937583862597e+03 4.784350350125441548e-02
1.363543681250159125e+03 6.507307817694132912e-02
1.362776765910604809e+03 1.371762770232661521e-01
1.362010191442793257e+03 8.030605524686445021e-03
1.361243957724394022e+03 6.491191556729451750e-02
1.360478064633158738e+03 9.641666515851393671e-02
1.359712512046910888e+03 3.366015951374859427e-02
1.358947299843562860e+03 7.065595837227291176e-02
1.358182312194964652e+03 5.015546410443330605e-02
1.357417780407893360e+03 7.721587540822158480e-02
1.356653472964659841e+03 6.126823331424405272e-02
1.355889621106407958e+03 4.513416778249319805e-02
1.355125993381357148e+03 1.079628568815322320e-01
1.354362705341112360e+03 1.146503844177695630e-01
1.353599872471668732e+03 7.011515753020762347e-03
1.352837263420001591e+03 5.316694101556641849e-02
1.352074993688672521e+03 9.419152906250030655e-02
1.351313063156353337e+03 7.668577905371364023e-02
1.350551471701782020e+03 7.326768212723422380e-02
1.349790219203786137e+03 1.156633295036805925e-01
1.349029305541262829e+03 7.745198500502110950e-02
1.348268615100234683e+03 7.358502915052193838e-02
1.347508378762010352e+03 7.276265684774534115e-02
1.346748480896421142e+03 4.973353677558268321e-02
1.345988805938717860e+03 8.929449313154352863e-02
1.345229584672424153e+03 5.063402713084830253e-02
1.344470586105289613e+03 9.415583176277968203e-02
1.343712040955730117e+03 7.471159716410256946e-02
1.342953718296874740e+03 7.475756518778978177e-02
1.342195733419640646e+03 6.863476857810694998e-02
1.341438201549870882e+03 7.490928587440121023e-02
1.340680891858644145e+03 6.888498736482057128e-02
1.339923919588235776e+03 9.349933036144573995e-02
1.339167284618531085e+03 3.523238538262742081e-02
1.338410986829491776e+03 3.687599879083366949e-02
1.337655026101155272e+03 7.808695529486348041e-02
1.336899402313645396e+03 6.207384877180739668e-02
1.336144115347147135e+03 1.098776176793806458e-01
1.335389165081938700e+03 -3.923558750604983392e-04
1.334634551398363101e+03 8.648677283715741626e-02
1.333880274176849980e+03 1.101045132265078830e-01
1.333126218130177676e+03 1.589092723258111184e-01
1.332372613490539607e+03 9.561237225585354771e-02
1.331619344954691996e+03 3.454672862763909919e-02
1.330866297284143002e+03 7.399057028485692133e-02
1.330113700614295794e+03 5.856487524081143564e-02
1.329361324603729145e+03 8.847989308715005496e-02
1.328609399323394882e+03 7.954933019473112155e-02
1.327857694496590057e+03 3.800110225208332138e-02
1.327106440129890643e+03 9.968005715399240463e-02
1.326355406011247169e+03 1.135509584183382326e-01
1.325604707076574186e+03 1.027691207866438805e-01
1.324854458197440863e+03 1.511989798729064249e-01
